8.440735125323016730e-01 -6.201631807007770281e-01 0.000000000000000000e+00
3.219622064510065385e-01 7.090877620642087598e-01 1.000000000000000000e+00
6.532816717947772522e-01 -8.020885821583362274e-01 0.000000000000000000e+00
-7.384305451683826904e-01 3.502523836290903358e-01 1.000000000000000000e+00
7.991370022046989652e-01 -1.141976906461267816e-01 1.000000000000000000e+00
-8.330409094018753624e-01 -6.740544688387376526e-01 0.000000000000000000e+00
-6.693541309052459809e-01 6.623572044599933539e-01 0.000000000000000000e+00
9.619598228591415001e-01 -1.895038758824498237e-01 0.000000000000000000e+00
8.095651224299267312e-01 3.983236486875520455e-01 0.000000000000000000e+00
2.432286816070555191e-01 -6.204624339497922803e-01 1.000000000000000000e+00
-7.181446724882109001e-01 -2.408813050435230918e-01 1.000000000000000000e+00
8.359145010526789488e-01 -1.646289313131218679e-01 1.000000000000000000e+00
-5.736383845862051967e-01 -8.819949563632558664e-01 0.000000000000000000e+00
-9.143579845428455588e-01 -5.239410527777563775e-01 0.000000000000000000e+00
-9.183955270053959508e-01 4.126682843825349445e-01 0.000000000000000000e+00
-7.108564792807279265e-01 5.870806033043357575e-01 1.000000000000000000e+00
-6.142819154949730187e-01 1.367269767188884488e-01 1.000000000000000000e+00
3.691216298420387232e-01 9.607232024323024699e-01 0.000000000000000000e+00
5.266382128235698179e-01 8.333053815361730621e-01 0.000000000000000000e+00
6.610049529716538474e-01 3.877979539584923696e-01 1.000000000000000000e+00
-3.381817642895497134e-01 -8.106517983104913894e-01 1.000000000000000000e+00
8.103975166631872673e-01 -6.053970085260107492e-02 1.000000000000000000e+00
-8.295740545007105338e-01 -1.163261038236052258e-01 1.000000000000000000e+00
4.585522685455752923e-01 -9.374896580837925875e-01 0.000000000000000000e+00
4.537784093262024476e-01 9.506612301390106046e-01 0.000000000000000000e+00
1.005261758156668073e+00 3.173811662575930503e-01 0.000000000000000000e+00
-1.009401512481886476e+00 3.099222220642554038e-01 0.000000000000000000e+00
-8.121053206306740879e-01 6.661385150107954622e-01 0.000000000000000000e+00
-8.087636197826126860e-01 -5.836243854905425188e-01 0.000000000000000000e+00
6.714721655198226946e-01 -7.312814016046595977e-01 0.000000000000000000e+00
8.059871521798349647e-01 3.203891331564897027e-01 1.000000000000000000e+00
1.575363633608337366e-01 -1.105229592126635962e+00 0.000000000000000000e+00
-8.992426881996971877e-02 1.257579236673043832e+00 0.000000000000000000e+00
-1.013124169481987302e-01 1.017696791049882421e+00 0.000000000000000000e+00
-1.037927543411646614e+00 6.908012792252851697e-03 0.000000000000000000e+00
2.963679778256193553e-01 9.593642075463753027e-01 1.000000000000000000e+00
7.207186013870356955e-01 -8.213158923685993651e-01 0.000000000000000000e+00
-8.050928486083696045e-01 8.975754364160846294e-03 1.000000000000000000e+00
-7.827050347770798666e-01 -5.082533148073473672e-01 0.000000000000000000e+00
-1.485867840194070311e-01 -1.111474776147573618e+00 0.000000000000000000e+00
6.368053325973906942e-01 -4.283186184554223508e-01 1.000000000000000000e+00
4.998340831219223457e-01 -5.974411191010383648e-01 1.000000000000000000e+00
-1.814435214800662610e-01 -5.756602812947142489e-01 1.000000000000000000e+00
-1.480563971648040378e-01 8.708182232433381298e-01 0.000000000000000000e+00
-4.759899659808335126e-02 7.328608388380218885e-01 1.000000000000000000e+00
1.098539631638275837e+00 -2.675956055937527278e-01 0.000000000000000000e+00
7.404513685507454479e-01 -9.870639598891711719e-02 1.000000000000000000e+00
5.149575964295349806e-01 5.883256990064064107e-01 1.000000000000000000e+00
7.501582783354818762e-01 3.172986150309363707e-01 1.000000000000000000e+00
-8.220551030632525791e-01 -7.064713367139771050e-01 0.000000000000000000e+00
4.891593951063612222e-02 8.836148759951569787e-01 1.000000000000000000e+00
1.597074726974682946e-01 -9.933160695946715579e-01 0.000000000000000000e+00
9.753346105188719362e-01 5.955603856814364327e-01 0.000000000000000000e+00
-7.809190614172633049e-01 3.798555557628045531e-01 1.000000000000000000e+00
-7.975379152089990820e-01 -1.726938681782548834e-01 1.000000000000000000e+00
-3.200228509315511394e-02 7.318774654599337071e-01 1.000000000000000000e+00
1.469838223738061667e-01 8.537728314266512797e-01 1.000000000000000000e+00
-7.394741367457273729e-01 -6.232357841608293647e-01 0.000000000000000000e+00
-7.712704395461540408e-01 -7.196786600641799647e-02 1.000000000000000000e+00
5.195658515689135504e-01 8.831626518070166965e-01 0.000000000000000000e+00
-3.888961054849670029e-01 -1.040693489189744803e+00 0.000000000000000000e+00
6.556772610425634640e-02 -6.542022027358560532e-01 1.000000000000000000e+00
9.813628105939302682e-01 -2.821959640648239453e-01 0.000000000000000000e+00
-9.675037534414980822e-01 -1.998685216522042840e-01 0.000000000000000000e+00
-7.018663956183395225e-01 2.969854049480393221e-01 1.000000000000000000e+00
-5.081947515302990409e-02 -6.797139494432451468e-01 1.000000000000000000e+00
6.754213537265482126e-01 -2.322735842230415071e-01 1.000000000000000000e+00
-6.619861101217457966e-01 -5.055738501372748495e-01 1.000000000000000000e+00
-4.786039915127511257e-01 -5.663578571147527274e-01 1.000000000000000000e+00
2.428253835141923056e-01 7.427787196099376876e-01 1.000000000000000000e+00
-9.979351814165289269e-01 -6.216953248187991887e-01 0.000000000000000000e+00
-6.815062162441154481e-02 -7.669123058426093875e-01 1.000000000000000000e+00
5.402104404338278765e-02 1.071554907594355788e+00 0.000000000000000000e+00
6.223052121018585181e-01 6.853394966667373245e-01 0.000000000000000000e+00
-9.496527727717114509e-01 -1.410741734662611380e-01 1.000000000000000000e+00
6.474077494288554835e-01 5.620249379973690784e-01 1.000000000000000000e+00
-9.058305196342682220e-02 7.619713064009131509e-01 1.000000000000000000e+00
-3.632815179458256938e-01 -1.091386793561294866e+00 0.000000000000000000e+00
-8.369703750086086164e-03 8.336877153855337674e-01 1.000000000000000000e+00
4.206763416511171139e-01 -8.059715261480018267e-01 1.000000000000000000e+00
1.062706045387480813e+00 6.410529339010441474e-02 0.000000000000000000e+00
-9.188521882957693121e-01 -4.868841145953277660e-01 0.000000000000000000e+00
3.428494570039918310e-01 6.896614147583253196e-01 1.000000000000000000e+00
-8.096598988066503466e-01 1.968006273523672522e-01 0.000000000000000000e+00
1.024172361114022767e+00 2.341544337956234512e-01 0.000000000000000000e+00
6.059969977983982181e-01 -5.491555070195462962e-01 1.000000000000000000e+00
-6.715517861101254482e-01 6.248216078184831712e-01 0.000000000000000000e+00
-5.124204409164336838e-01 -6.045988002794601135e-01 1.000000000000000000e+00
-3.731874930749197183e-01 8.522765334892696831e-01 0.000000000000000000e+00
-4.708573119698341580e-01 1.011611598856489103e+00 0.000000000000000000e+00
3.409267655882951553e-01 -8.413474770602125119e-01 1.000000000000000000e+00
8.666172254455699608e-01 6.244427249419397530e-01 0.000000000000000000e+00
-1.039458876925427377e+00 7.108743389807183899e-01 0.000000000000000000e+00
-4.710973681599890384e-01 -8.806558918553102355e-01 0.000000000000000000e+00
-4.428803856430016950e-01 -9.984691578017471647e-01 0.000000000000000000e+00
-4.313891318371110284e-02 -9.193296686389448302e-01 1.000000000000000000e+00
3.068618953699843166e-01 -8.595289592368076104e-01 1.000000000000000000e+00
-7.033530595258861151e-01 2.328970042838419963e-01 1.000000000000000000e+00
-8.375209962056563429e-01 -2.104359876973656562e-01 0.000000000000000000e+00
6.625089701041532164e-01 -7.067493911424006514e-01 0.000000000000000000e+00
-8.184542868038662267e-01 2.136338591671044229e-01 0.000000000000000000e+00
3.650064474873860876e-01 8.809314232112575027e-01 0.000000000000000000e+00
4.365197381154559686e-01 1.253998699116336102e+00 0.000000000000000000e+00
-4.173695875856882620e-01 6.745918789927606296e-01 1.000000000000000000e+00
-3.877661387014642580e-01 7.705186790075412295e-01 1.000000000000000000e+00
3.045776562423356815e-01 9.248180323746162390e-01 0.000000000000000000e+00
5.716966177166521446e-02 1.049727535928980604e+00 0.000000000000000000e+00
4.395308766075164408e-01 1.015169505387809146e+00 0.000000000000000000e+00
-3.091516489225075714e-01 -7.118813597729275466e-01 1.000000000000000000e+00
-7.407347115960328798e-01 -6.016011739975077321e-02 1.000000000000000000e+00
-6.285503827736318438e-01 6.603978160395105323e-01 1.000000000000000000e+00
6.326478805985623621e-01 -6.678109730107137931e-01 0.000000000000000000e+00
8.501937941601697135e-01 -5.836098099513447046e-01 0.000000000000000000e+00
-7.008240296419809834e-01 -4.763621004291619943e-01 1.000000000000000000e+00
-9.765521706906986621e-01 4.843460720134945552e-01 0.000000000000000000e+00
-6.879614477432952624e-01 -3.796107830286026830e-01 1.000000000000000000e+00
-6.656531117885566839e-01 7.733024716874575821e-01 0.000000000000000000e+00
-6.117795266124452791e-01 3.273167561192160124e-01 1.000000000000000000e+00
-1.469329182291048697e-01 -1.172391598104780996e+00 0.000000000000000000e+00
-5.701332274743081685e-01 -6.776216979509582794e-01 1.000000000000000000e+00
4.418651671463956765e-01 -5.698704133764663782e-01 1.000000000000000000e+00
4.417023677552050498e-01 -6.913904408896275333e-01 1.000000000000000000e+00
7.950358756606099031e-02 -9.052243307718914611e-01 1.000000000000000000e+00
4.445603977909217130e-01 -4.864555575071334848e-01 1.000000000000000000e+00
-5.451675443817007860e-01 -4.756978472209026920e-01 1.000000000000000000e+00
6.292067403574288509e-01 5.571489084040079920e-01 1.000000000000000000e+00
-7.014693407544907444e-01 7.160356256352443660e-01 0.000000000000000000e+00
-1.443670225027471332e-01 -9.444244532894563449e-01 1.000000000000000000e+00
-2.787332818709262194e-01 -8.978201004123322893e-01 0.000000000000000000e+00
-4.332797522540323132e-01 -7.229677481637396541e-01 1.000000000000000000e+00
-9.318832581891010047e-01 3.043165170979190148e-01 0.000000000000000000e+00
1.498741960065976264e-01 -1.110203054616135665e+00 0.000000000000000000e+00
2.027977171855130378e-01 -9.046777266211016855e-01 0.000000000000000000e+00
9.272502591713922826e-02 8.275329561805658818e-01 1.000000000000000000e+00
-4.466524325984750909e-01 -6.699264986868680438e-01 1.000000000000000000e+00
-1.005299598848715448e+00 1.051016189993675409e-02 0.000000000000000000e+00
-2.784243317245428395e-01 8.648431411104486877e-01 0.000000000000000000e+00
3.027412009207167687e-01 6.790064283295702552e-01 1.000000000000000000e+00
6.496825265294172702e-01 -3.515524037862892137e-01 1.000000000000000000e+00
-4.944031018808390798e-01 -7.507113757651178165e-01 1.000000000000000000e+00
-9.895623201289330817e-01 6.718926715409428985e-02 0.000000000000000000e+00
-4.789923077796083561e-03 -8.291107934971675419e-01 1.000000000000000000e+00
5.567393075539801839e-02 1.145133397676921350e+00 0.000000000000000000e+00
-4.374531449592672927e-01 -7.067786035923532273e-01 1.000000000000000000e+00
4.088662000702512900e-02 -9.171781041724366146e-01 0.000000000000000000e+00
-5.891794318576794032e-01 -1.191331299295099733e+00 0.000000000000000000e+00
-8.861608337274444747e-01 -6.739710187013925324e-01 0.000000000000000000e+00
7.687571595678034386e-01 -5.894545377431975597e-01 0.000000000000000000e+00
-5.520292197283902524e-01 -9.049553523383542242e-01 0.000000000000000000e+00
-3.317873487725141457e-01 -8.939348953185555224e-01 0.000000000000000000e+00
-6.972108779440924775e-02 -7.767038066722041778e-01 1.000000000000000000e+00
2.634900359355701882e-01 -9.111003818872547289e-01 1.000000000000000000e+00
5.984557965031553906e-01 -2.616596478472235088e-01 1.000000000000000000e+00
6.232180891570339165e-01 5.200916524586813861e-01 1.000000000000000000e+00
-6.884761195343191975e-01 -7.056004969304775498e-01 1.000000000000000000e+00
-9.427889289301464304e-01 -2.547017082667589749e-01 0.000000000000000000e+00
-1.047018919204977250e+00 -3.451097167209459249e-01 0.000000000000000000e+00
1.799518958768435428e-01 7.244561257832980994e-01 1.000000000000000000e+00
-1.950964716098813612e-01 9.656000094403529577e-01 0.000000000000000000e+00
3.048620632424656751e-01 7.342158661830623378e-01 1.000000000000000000e+00
-5.591373075025397599e-01 7.425636667818371617e-01 1.000000000000000000e+00
4.842486199506090827e-01 4.851255040674047336e-01 1.000000000000000000e+00
1.876529444640155642e-01 -7.381086261972955587e-01 1.000000000000000000e+00
-2.757081083183304804e-01 6.560439683775118880e-01 1.000000000000000000e+00
5.792277906148318722e-01 -8.009675261819537706e-01 1.000000000000000000e+00
1.120256778671483433e+00 -5.593210875002779803e-03 0.000000000000000000e+00
6.437117167474556423e-01 8.419731776489367547e-01 0.000000000000000000e+00
1.031102628833736379e+00 4.945330620484472695e-01 0.000000000000000000e+00
7.730029822375126258e-01 9.966138005240890441e-02 1.000000000000000000e+00
-5.293941758834155298e-01 6.053513438905273603e-01 1.000000000000000000e+00
9.896895421863056708e-01 3.228768581490181200e-01 0.000000000000000000e+00
-5.423353827749231026e-01 -5.188939318017632418e-01 1.000000000000000000e+00
9.694135270427619577e-01 -1.184511684580547425e-01 0.000000000000000000e+00
7.391932976726143245e-01 1.457789474810820274e-01 1.000000000000000000e+00
1.692877547764847501e-01 -7.332467574685510581e-01 1.000000000000000000e+00
1.585583971387672930e-01 8.996751334904298236e-01 0.000000000000000000e+00
-6.759675108293233814e-02 8.860783988476027551e-01 0.000000000000000000e+00
7.750694295575790704e-01 -3.035900570302565993e-01 1.000000000000000000e+00
8.351348237454888634e-01 1.962855752602110648e-01 0.000000000000000000e+00
7.790282853922463335e-01 7.930542846985423333e-01 0.000000000000000000e+00
1.155039894538586243e+00 -9.071726048815306753e-02 0.000000000000000000e+00
-5.391630320662506026e-01 4.581854566256104433e-01 1.000000000000000000e+00
7.805932809287552399e-01 -7.626409249277288360e-02 1.000000000000000000e+00
-7.960680158250406091e-01 -5.996979108737200415e-01 0.000000000000000000e+00
-5.823723647829602834e-01 -3.463113842093900607e-01 1.000000000000000000e+00
-6.736340570750957157e-01 -5.973558869354259615e-01 1.000000000000000000e+00
5.310396873141987051e-01 -6.216239481431523606e-01 1.000000000000000000e+00
5.031870329128916852e-01 6.584304305097083976e-01 1.000000000000000000e+00
-2.730885124527340224e-01 7.328659588424818461e-01 1.000000000000000000e+00
4.336367973937843567e-01 -8.615163007438013665e-01 0.000000000000000000e+00
-8.609706652570324747e-01 6.322233043673527453e-01 0.000000000000000000e+00
8.088395489836459618e-01 2.788222556546373077e-01 1.000000000000000000e+00
-1.567998316847241114e-01 6.465689380292889421e-01 1.000000000000000000e+00
2.343495301875581083e-02 6.804386727720690420e-01 1.000000000000000000e+00
4.329854180125520258e-01 -7.811095495854835091e-01 0.000000000000000000e+00
4.898543526393316083e-02 -8.825342283391611753e-01 0.000000000000000000e+00
-8.537850127389743360e-01 -5.248387360067155449e-02 1.000000000000000000e+00
-9.306590765983295821e-01 -3.709938119982840177e-01 1.000000000000000000e+00
-3.281008256300269044e-01 6.651913463265305415e-01 1.000000000000000000e+00
5.146784725773633218e-01 6.172375875471958206e-01 1.000000000000000000e+00
-9.409194805600892275e-01 9.655397792243355926e-02 0.000000000000000000e+00
8.519944384946662869e-03 -6.355265217965513358e-01 1.000000000000000000e+00
7.704275471514243634e-02 6.658519992325671044e-01 1.000000000000000000e+00
-6.003657348131925531e-01 -6.023518502498622640e-01 1.000000000000000000e+00
-6.268350368257427085e-01 1.148786778298082289e+00 0.000000000000000000e+00
1.074331951146925146e+00 4.745801394720943200e-01 0.000000000000000000e+00
-8.752628093308285617e-01 3.456384086366633968e-01 1.000000000000000000e+00
-3.229012163513569345e-01 9.909771826017701457e-01 0.000000000000000000e+00
-9.752862215938831181e-01 -8.239012758946949455e-02 0.000000000000000000e+00
6.873956696533433108e-01 7.029388904144374672e-01 0.000000000000000000e+00
1.027610559592270767e-02 -9.944941057410705554e-01 0.000000000000000000e+00
1.163710224413244676e+00 -2.267200621642436742e-01 0.000000000000000000e+00
-7.202673120632703263e-01 3.890058998321480610e-01 1.000000000000000000e+00
6.398074949510846876e-01 -4.313245134974809103e-01 0.000000000000000000e+00
-6.905405807419001674e-01 -2.186875261563799300e-01 1.000000000000000000e+00
-1.105437181085558107e+00 2.565031940438671221e-01 0.000000000000000000e+00
-1.018259677786007567e+00 -2.506380873647532370e-01 0.000000000000000000e+00
-9.839787913876638648e-01 -1.441708358821053304e-01 0.000000000000000000e+00
7.229900012803092135e-01 -4.811007408695281984e-01 0.000000000000000000e+00
-8.792291321279007699e-01 -6.218018111529773906e-01 0.000000000000000000e+00
-8.928425049200507946e-01 3.449689648974715861e-01 0.000000000000000000e+00
3.411656318547117706e-01 1.106812416675034161e+00 0.000000000000000000e+00
1.011074745720568435e+00 -1.667441724388829538e-01 0.000000000000000000e+00
5.434365315460870649e-01 3.667423502298383098e-01 1.000000000000000000e+00
-6.488944113699812721e-01 3.321268777261892069e-01 1.000000000000000000e+00
5.651105191783426518e-01 -5.912553938467705050e-01 1.000000000000000000e+00
-4.153129035959016724e-01 8.617017315129349431e-01 0.000000000000000000e+00
-2.822177048744735350e-02 1.055944044692205264e+00 0.000000000000000000e+00
5.088839204195164667e-01 -6.368725131572976483e-01 0.000000000000000000e+00
-9.494681435557023041e-01 2.559955690773195180e-01 0.000000000000000000e+00
1.822375498608312661e-01 -7.061900694580556248e-01 1.000000000000000000e+00
1.104055223504206262e+00 -2.092250937158135482e-01 0.000000000000000000e+00
4.983540108376818822e-01 -9.487264420234110540e-01 0.000000000000000000e+00
-1.860057148181059883e-01 6.261351956021623533e-01 1.000000000000000000e+00
-5.745020189755168927e-01 9.278314579165832798e-01 0.000000000000000000e+00
-1.403086020196296912e-01 -1.086719054613674018e+00 0.000000000000000000e+00
1.289984028578876341e-01 -6.319710849230175675e-01 1.000000000000000000e+00
-5.154802137522526140e-01 7.807338593264514515e-01 0.000000000000000000e+00
5.010882519337588326e-01 8.643571685832550644e-01 0.000000000000000000e+00
-3.425723892033681328e-01 6.507135718008090208e-01 1.000000000000000000e+00
-7.293721107573509777e-01 -5.359135516175606018e-01 0.000000000000000000e+00
5.588511371528911975e-02 -8.282482817317338153e-01 1.000000000000000000e+00
-1.155834811228933834e+00 1.049134501433697242e-01 0.000000000000000000e+00
8.410997810757873117e-01 -3.347598736631136607e-01 1.000000000000000000e+00
-6.650834801218239445e-01 -3.946701559263193215e-01 1.000000000000000000e+00
1.868863703186737224e-01 -8.782074665578026851e-01 0.000000000000000000e+00
-5.684084926240728919e-03 1.100391165690966844e+00 0.000000000000000000e+00
-4.723544418478864415e-01 6.460141975127307035e-01 1.000000000000000000e+00
-8.563082765590026568e-01 3.684077448653956255e-01 0.000000000000000000e+00
6.864159657661681457e-01 3.215510820443034934e-01 1.000000000000000000e+00
6.763631552705003935e-01 8.022951737068875211e-01 0.000000000000000000e+00
1.036104587667652899e+00 -4.949347165290567396e-01 0.000000000000000000e+00
9.126973426510088805e-01 -3.745447572461508279e-01 0.000000000000000000e+00
-1.007650974388923704e+00 3.230999943708708355e-01 0.000000000000000000e+00
-5.225867356672095898e-01 4.886998937316818226e-01 1.000000000000000000e+00
9.955264790545247378e-01 6.517345929742045241e-02 0.000000000000000000e+00
-7.094699640196042711e-01 -5.013731833296408702e-01 1.000000000000000000e+00
4.615884592321106150e-01 8.458112926029793810e-01 0.000000000000000000e+00
-9.630420064903257860e-01 9.473707777627890514e-02 0.000000000000000000e+00
2.622741227055658819e-01 -9.845287226207993792e-01 0.000000000000000000e+00
-4.670714829448975314e-01 -8.512558282843767365e-01 0.000000000000000000e+00
-8.341425851539824299e-01 -2.669453866354815630e-01 1.000000000000000000e+00
-5.092759492637484453e-02 -9.667365320251025684e-01 0.000000000000000000e+00
-1.155659295671990439e+00 -1.123289088602634767e-01 0.000000000000000000e+00
1.143076573860035694e-01 -9.571601701194355494e-01 0.000000000000000000e+00
-7.447464471292035704e-01 8.689945923930585125e-02 1.000000000000000000e+00
-2.948974008918135992e-01 -9.979234382307535789e-01 0.000000000000000000e+00
6.990915100052856879e-01 6.939658962988785873e-02 1.000000000000000000e+00
4.191463816760166439e-01 -9.407240847172880782e-01 0.000000000000000000e+00
-5.889623718213584658e-01 -7.416642508671850154e-01 0.000000000000000000e+00
-4.018058915053175362e-01 -8.611582852170022173e-01 1.000000000000000000e+00
-2.384496234049806318e-01 -7.482676355815299774e-01 0.000000000000000000e+00
9.139099729485187229e-01 -6.133292505717498344e-02 1.000000000000000000e+00
-2.925451230970795846e-01 8.308438955112251723e-01 0.000000000000000000e+00
8.351156002137851697e-01 7.778321762596690503e-01 0.000000000000000000e+00
8.869852740837262939e-01 6.775859345564433367e-02 1.000000000000000000e+00
6.799634790594262235e-01 -6.090109570384487636e-01 0.000000000000000000e+00
-2.089637403619482581e-01 -8.129394658633540827e-01 1.000000000000000000e+00
-6.020159301716070804e-02 -1.075507956263634268e+00 0.000000000000000000e+00
9.429500276184703544e-01 4.892295719185656144e-02 1.000000000000000000e+00
-1.080433645815037202e+00 5.543011034853551067e-03 0.000000000000000000e+00
8.364914986122959917e-01 -4.611215073922914076e-01 1.000000000000000000e+00
5.750733208346275882e-01 6.062063574029197266e-01 0.000000000000000000e+00
-3.577504537887276626e-01 -8.239312015005190171e-01 0.000000000000000000e+00
4.189201189717661755e-01 6.690395629104981534e-01 1.000000000000000000e+00
9.380765071870854344e-02 -9.252585284131348287e-01 0.000000000000000000e+00
7.916567922163132431e-01 -1.920214244569463935e-01 1.000000000000000000e+00
7.542897082698158950e-01 6.884286293903510434e-02 1.000000000000000000e+00
-9.553614000079514446e-01 -5.556627773236938461e-01 0.000000000000000000e+00
-4.907944623273429730e-01 -7.063512223325625339e-01 1.000000000000000000e+00
1.033129579492825023e+00 -2.389329593891108550e-01 0.000000000000000000e+00
4.965885362360250577e-02 -8.686448992267785663e-01 1.000000000000000000e+00
-5.043740985122299181e-01 8.254195323992182809e-01 0.000000000000000000e+00
-4.347630758782537463e-01 -6.307068144189960091e-01 1.000000000000000000e+00
3.408852478313194601e-01 4.591220583258731613e-01 1.000000000000000000e+00
-2.369814827315022687e-01 6.792656982203976179e-01 1.000000000000000000e+00
3.720203815031193906e-01 -7.126781364884697823e-01 1.000000000000000000e+00
5.236077516871262549e-01 6.196830675417520640e-01 0.000000000000000000e+00
5.730617010480532070e-01 -7.096077729433210024e-01 1.000000000000000000e+00
7.329548789431944433e-01 2.210184283063474364e-01 1.000000000000000000e+00
-2.128806695353100964e-01 7.721514923250571982e-01 1.000000000000000000e+00
-6.218204861645715287e-01 -3.485347022315353760e-01 1.000000000000000000e+00
5.021200293941276982e-01 -8.731536052530387559e-01 0.000000000000000000e+00
4.559124260520802663e-01 -4.714926713100329181e-01 1.000000000000000000e+00
1.450203727091393668e-01 7.011325008357695010e-01 1.000000000000000000e+00
2.426065503692289016e-01 8.322044111523937415e-01 0.000000000000000000e+00
1.990144837312686488e-01 8.013192987292219183e-01 1.000000000000000000e+00
3.117436317532105705e-01 6.045976101434208383e-01 1.000000000000000000e+00
-6.485652663884627911e-01 -1.325203079647307436e-01 1.000000000000000000e+00
9.535455033380197953e-01 -6.094302067458944316e-01 0.000000000000000000e+00
-8.989293470054989799e-01 3.929161951221209481e-01 0.000000000000000000e+00
-6.813739781094572123e-01 6.707338192185736681e-01 0.000000000000000000e+00
3.954442374750384293e-01 -8.922486849743197501e-01 1.000000000000000000e+00
9.447601579009679007e-01 2.700747956635967673e-01 0.000000000000000000e+00
-4.712040799320461604e-01 -9.025125389705433987e-01 0.000000000000000000e+00
7.938994537360202219e-01 2.456094395481102644e-01 1.000000000000000000e+00
1.321466804619579882e+00 -4.289690601135605075e-01 0.000000000000000000e+00
-6.769693054614702721e-01 1.807485827705643255e-01 1.000000000000000000e+00
5.905389081752397962e-01 -7.159282122139761784e-01 1.000000000000000000e+00
-7.513295700808857447e-01 8.183634572074862668e-01 0.000000000000000000e+00
-5.178324477035500806e-01 -8.756495726817417058e-01 0.000000000000000000e+00
4.330277333627324809e-01 -8.330109480748177919e-01 0.000000000000000000e+00
8.129126803336128582e-01 6.341092771831876584e-01 0.000000000000000000e+00
5.986666447797321933e-01 8.719309996435271604e-01 0.000000000000000000e+00
-4.183188509383711784e-01 7.591838858318199490e-01 1.000000000000000000e+00
1.890253477234215551e-01 7.039226999886316616e-01 1.000000000000000000e+00
1.894328373735234550e-01 5.837306308832191926e-01 1.000000000000000000e+00
-2.994350130416480460e-01 8.272850736879935329e-01 1.000000000000000000e+00
-9.843567343618964127e-01 2.357084622700276744e-01 0.000000000000000000e+00
-5.718172049590367623e-01 -4.254029895881258350e-01 1.000000000000000000e+00
-1.003105368689728216e+00 -4.298158237408266080e-01 0.000000000000000000e+00
-1.080313578325010904e-01 -8.111287752986375832e-01 1.000000000000000000e+00
-5.852418486700091682e-01 1.760235604895034611e-01 1.000000000000000000e+00
-6.096372535212517541e-01 -7.962366112419618780e-01 0.000000000000000000e+00
-6.780440683435527971e-01 8.105151128140715144e-01 0.000000000000000000e+00
3.927368853330813758e-01 5.518342164647376258e-01 1.000000000000000000e+00
-6.661218330236648999e-01 -1.645141561030762090e-01 1.000000000000000000e+00
3.237826560853208635e-01 5.265583390705235178e-01 1.000000000000000000e+00
2.938041196852177461e-01 -6.843089876998875720e-01 1.000000000000000000e+00
9.946608633006517319e-01 -2.944755347812334501e-01 1.000000000000000000e+00
2.933128768950226117e-01 1.001489127490396980e+00 0.000000000000000000e+00
1.023740310582550883e+00 1.851232656667139431e-01 0.000000000000000000e+00
7.568739378438573695e-01 7.907552890900580722e-02 1.000000000000000000e+00
7.538084852487694221e-01 -6.303180670967678534e-01 0.000000000000000000e+00
-1.003334120760409176e+00 -3.366549829815402295e-01 0.000000000000000000e+00
9.361482760770462042e-02 -9.152993821625573512e-01 0.000000000000000000e+00
-3.323081372323645200e-01 1.045875165671046547e+00 0.000000000000000000e+00
-9.314461164776801638e-01 -1.432414163881128577e-01 1.000000000000000000e+00
-7.739508225202387237e-01 2.461455697992034342e-01 1.000000000000000000e+00
3.153830913123938373e-01 -4.974638823623957484e-01 1.000000000000000000e+00
4.869129811482343362e-01 -8.145910986917527241e-01 0.000000000000000000e+00
4.223004215437553555e-01 8.848423487133668663e-01 1.000000000000000000e+00
-6.635817865513986558e-01 -9.119810970752739721e-01 0.000000000000000000e+00
6.431697317618200183e-01 6.574464196047569153e-01 0.000000000000000000e+00
8.583083926421563037e-01 -7.913859022561584577e-01 0.000000000000000000e+00
-1.641829159281016914e-01 -9.238609663510615189e-01 1.000000000000000000e+00
1.165686738824579793e-01 -9.356190222446354454e-01 0.000000000000000000e+00
6.020998597077421577e-01 -3.242299507782615553e-01 1.000000000000000000e+00
-2.192913493687050908e-01 -1.098583742428567378e+00 0.000000000000000000e+00
2.229297135002353825e-01 -5.962779581358121916e-01 1.000000000000000000e+00
5.787283637627129718e-01 -7.995548557428650005e-01 1.000000000000000000e+00
2.171720964720377789e-01 1.041308452112334804e+00 0.000000000000000000e+00
-1.142714439519806113e+00 1.092890231577295784e-01 0.000000000000000000e+00
9.511054632724269542e-01 -1.177471058021648115e-01 0.000000000000000000e+00
3.197271453505209360e-01 6.679606848577469558e-01 1.000000000000000000e+00
1.043226403575733263e+00 5.086463181840112924e-01 0.000000000000000000e+00
8.273539234643652041e-01 6.477836742625157074e-01 0.000000000000000000e+00
-5.841259860066706500e-01 -3.341918336340874429e-01 1.000000000000000000e+00
9.672336344213000592e-01 -4.169422489791681508e-01 0.000000000000000000e+00
-6.948619654393546341e-01 -2.552689452749213883e-01 1.000000000000000000e+00
-4.828991274416091217e-01 5.807183183805451065e-01 1.000000000000000000e+00
-7.409961179464141789e-01 5.041106207036589737e-01 1.000000000000000000e+00
-6.531079181365322395e-01 7.079645571964835460e-01 0.000000000000000000e+00
-7.387798527373919955e-01 6.821655538431512511e-01 0.000000000000000000e+00
6.627209627096123379e-01 5.409529031079340911e-01 1.000000000000000000e+00
1.729192312033911438e-01 7.197984776550124808e-01 1.000000000000000000e+00
5.676235459247034321e-01 7.058470864757009355e-01 1.000000000000000000e+00
2.099199836133068264e-01 1.147228766380112175e+00 0.000000000000000000e+00
1.264534074756757387e-01 9.007725227395402268e-01 0.000000000000000000e+00
-6.767108003974429131e-01 2.447063480625154830e-01 1.000000000000000000e+00
7.149695151655868219e-01 -1.279327501433929482e-01 1.000000000000000000e+00
2.317287761973927940e-01 6.756497990289304090e-01 1.000000000000000000e+00
-9.507631515161071301e-01 3.402341899664943492e-01 0.000000000000000000e+00
5.448613834915971843e-01 3.735717393671845188e-01 1.000000000000000000e+00
6.916066175715090969e-01 -2.096964926031027188e-01 1.000000000000000000e+00
-5.980051350421845546e-01 4.769626790411092276e-01 1.000000000000000000e+00
5.920677025500342694e-01 4.407375471873337114e-01 1.000000000000000000e+00
-4.078969917505282372e-01 6.436683350704974771e-01 1.000000000000000000e+00
8.231564079082845931e-01 3.210176268111182285e-01 1.000000000000000000e+00
-2.431441301939554767e-01 -9.977506077569415766e-01 0.000000000000000000e+00
3.398319012293682384e-01 -9.035770895693381322e-01 0.000000000000000000e+00
7.346046906250616182e-01 4.186205407826417702e-01 1.000000000000000000e+00
1.826491165510548687e-01 1.027563400732897092e+00 0.000000000000000000e+00
-9.913477276835147567e-01 -1.274735407586901625e-01 0.000000000000000000e+00
1.510625979328688862e-01 9.019631891783379540e-01 1.000000000000000000e+00
5.528094278821611418e-01 -2.914894263104339522e-01 1.000000000000000000e+00
8.916684204862296292e-01 1.500898629813476881e-01 0.000000000000000000e+00
3.986129763495712686e-01 6.023422144450703009e-01 1.000000000000000000e+00
9.006063899609753065e-01 -1.740122514811935361e-01 0.000000000000000000e+00
6.160604569530924168e-01 -6.788472362248800795e-01 1.000000000000000000e+00
8.127081705380472254e-01 2.126463249948488954e-01 1.000000000000000000e+00
-7.197801087998551006e-01 -5.206305906795997140e-01 1.000000000000000000e+00
-3.638239637491297307e-03 1.001930325578754388e+00 0.000000000000000000e+00
-4.160965216039095860e-01 -1.031491401778740880e+00 0.000000000000000000e+00
-1.213079530010106738e-01 7.959423997313694876e-01 1.000000000000000000e+00
7.822377654094732069e-01 -5.721106045358848036e-01 0.000000000000000000e+00
-7.177265519485210854e-01 -5.527383321426679874e-01 1.000000000000000000e+00
-6.205666282878554707e-01 -6.333408238089168751e-01 0.000000000000000000e+00
4.142307202780802777e-01 -7.909961292715489423e-01 1.000000000000000000e+00
9.923151164693123638e-01 -4.179949774443247335e-01 0.000000000000000000e+00
-9.240989582214615972e-01 4.370235711546311408e-01 0.000000000000000000e+00
1.763082125553872559e-01 6.472517103029499230e-01 1.000000000000000000e+00
-1.597466810945554483e-01 6.148140783227602491e-01 1.000000000000000000e+00
-4.698608454169165283e-01 8.431437605138631941e-01 1.000000000000000000e+00
-8.907355802540495304e-01 -3.792480641355208681e-01 0.000000000000000000e+00
-6.082169341658361095e-01 6.465094015732082422e-01 1.000000000000000000e+00
3.796342317229020047e-01 -6.234965512717940417e-01 1.000000000000000000e+00
-3.599366175083462127e-01 -8.927106829442172931e-01 1.000000000000000000e+00
-1.102128651097769862e-01 5.937611399478367469e-01 1.000000000000000000e+00
-6.261625143471564181e-01 8.645822914976939444e-01 0.000000000000000000e+00
3.575775037310899851e-01 8.622688545004192351e-01 0.000000000000000000e+00
9.360882277897878412e-01 2.218298584030864162e-01 0.000000000000000000e+00
1.950708280082871782e-02 -9.222803413248684690e-01 0.000000000000000000e+00
-6.128240557887389972e-01 -2.146782678301156766e-01 1.000000000000000000e+00
-2.796083007526815600e-01 6.156044961206402766e-01 1.000000000000000000e+00
-9.254650346875121780e-01 -1.253459962913398285e-01 1.000000000000000000e+00
1.220846398930998944e-01 1.183302674150176204e+00 0.000000000000000000e+00
-3.055854672456566612e-01 9.019398698792877589e-01 0.000000000000000000e+00
-5.668775647623358616e-01 3.387860736855530797e-01 1.000000000000000000e+00
7.834354529190655780e-01 1.592396218934710450e-01 1.000000000000000000e+00
-1.451725515266191757e-01 -7.422036561156418744e-01 1.000000000000000000e+00
-7.275237074326930120e-01 6.195328148516654476e-01 1.000000000000000000e+00
-2.807372407782662838e-01 -9.393507334582208435e-01 0.000000000000000000e+00
5.418976481023087821e-01 5.727716385961161283e-01 1.000000000000000000e+00
2.288979112831104057e-01 8.888929988630692725e-01 0.000000000000000000e+00
1.068863521002877626e+00 1.192633483364769903e-01 0.000000000000000000e+00
4.308208699251566132e-01 -5.959924521730104452e-01 1.000000000000000000e+00
-2.211069801146938185e-01 -8.621288083197335972e-01 1.000000000000000000e+00
4.443563101096146273e-01 -6.713563806192197614e-01 1.000000000000000000e+00
-7.380672012987617991e-01 -4.654392381485231711e-01 0.000000000000000000e+00
2.726353335547955226e-01 1.084122768028787487e+00 0.000000000000000000e+00
-7.632925925497013875e-01 4.223621472159792001e-01 1.000000000000000000e+00
1.015921265968606768e+00 -1.258925341897833561e-01 0.000000000000000000e+00
4.115966887891721049e-01 6.987124784213333273e-01 1.000000000000000000e+00
-3.170976217310634837e-01 9.617427636977776695e-01 1.000000000000000000e+00
-8.519056719603413930e-01 -2.276888657630335988e-01 1.000000000000000000e+00
-1.152210523512975815e+00 1.804381142142228167e-01 0.000000000000000000e+00
-1.230059422572111760e+00 2.306114841209600252e-01 0.000000000000000000e+00
-3.447910166537972165e-02 -7.983536889071479736e-01 1.000000000000000000e+00
4.783142812284923440e-01 -4.828022904565500983e-01 1.000000000000000000e+00
6.414226657488105721e-01 3.442478904105937265e-01 1.000000000000000000e+00
-3.647681921861348209e-01 6.544271548006018735e-01 1.000000000000000000e+00
-2.781314336754409644e-01 -6.488573515525989377e-01 1.000000000000000000e+00
1.043537622431003342e+00 -5.507855642549330799e-01 0.000000000000000000e+00
1.176441651078659723e+00 8.142701933113674628e-02 0.000000000000000000e+00
-6.916403599541972591e-01 6.173291370909324005e-01 0.000000000000000000e+00
5.439164659838552351e-01 -5.387108962437803239e-01 1.000000000000000000e+00
-8.709579381439562784e-01 3.214647562136790926e-01 1.000000000000000000e+00
-3.180535211624879732e-01 7.806395013758991031e-01 0.000000000000000000e+00
8.609926531918119519e-01 -4.394056126496132531e-01 0.000000000000000000e+00
6.923547384123664994e-01 3.645943380417835389e-01 1.000000000000000000e+00
-9.988563078889706182e-01 -2.195654429744462455e-01 0.000000000000000000e+00
8.671350967188851122e-01 -2.430385520533584476e-02 1.000000000000000000e+00
5.809900989881552347e-01 7.431805346544126945e-01 0.000000000000000000e+00
3.495325518704565648e-01 9.681252224522768346e-01 0.000000000000000000e+00
-1.501700608403100934e-01 7.758692498032206952e-01 1.000000000000000000e+00
2.780418176135572295e-01 8.753958401667168987e-01 0.000000000000000000e+00
-7.098564448175619379e-01 -3.485518751249192665e-02 1.000000000000000000e+00
-5.110017318994832802e-01 8.065138276508497794e-01 0.000000000000000000e+00
4.031724187225984579e-01 -9.454510768041768376e-01 0.000000000000000000e+00
-8.790316373770956648e-01 -6.644967118385490812e-01 0.000000000000000000e+00
1.172883354676887147e-01 -8.894552098897786641e-01 1.000000000000000000e+00
-3.957612116668571822e-01 -1.034812407629808195e+00 1.000000000000000000e+00
8.742011540989590435e-01 -1.081777667519761288e-01 1.000000000000000000e+00
-1.013763019622332617e+00 -5.541100930516957845e-01 0.000000000000000000e+00
-7.941495936962988944e-01 3.870525097130931291e-01 1.000000000000000000e+00
-8.675568684027327171e-01 -5.702082289793470871e-01 0.000000000000000000e+00
-3.680274863638397509e-01 -8.395862869565753339e-01 0.000000000000000000e+00
-8.707530161389587242e-02 1.020780828237471960e+00 0.000000000000000000e+00
-3.410995135971407466e-01 7.099468268286855954e-01 1.000000000000000000e+00
5.200300825855674880e-01 -7.847364273454978667e-01 1.000000000000000000e+00
7.309507844330639381e-01 -5.452937401331288125e-01 1.000000000000000000e+00
7.351767555177411984e-01 3.064326447574343693e-01 1.000000000000000000e+00
3.124765219818798068e-01 8.552779367462001181e-01 1.000000000000000000e+00
-8.217782656711587475e-01 2.962397252181603879e-01 1.000000000000000000e+00
1.202388459553881628e+00 -1.708226991375844106e-01 0.000000000000000000e+00
-1.232514184081023312e-01 -1.038098005758633313e+00 0.000000000000000000e+00
6.176781036563366856e-01 -7.848781109186612204e-01 0.000000000000000000e+00
-5.579091722296162237e-01 4.069215927570810631e-01 1.000000000000000000e+00
-9.882457725041379204e-01 -5.242939942966304834e-01 0.000000000000000000e+00
5.638460723847118494e-01 6.666853869472397776e-01 1.000000000000000000e+00
-6.402441531509257544e-01 3.507688894899786414e-01 1.000000000000000000e+00
-4.435466558363588829e-01 -5.109232018157894295e-01 1.000000000000000000e+00
-6.559366902197615035e-02 7.992578302154367265e-01 1.000000000000000000e+00
-7.946648788691198506e-01 4.164906781936779101e-01 0.000000000000000000e+00
-7.099852691748766986e-01 -4.739610478198289512e-01 1.000000000000000000e+00
9.084638022254589718e-01 -1.248910420464813681e-01 1.000000000000000000e+00
-4.277176901954532484e-01 -6.890410482996371933e-01 0.000000000000000000e+00
1.582301466711317772e-01 1.022688682926800041e+00 0.000000000000000000e+00
3.574135540427751945e-01 -6.039102189140429511e-01 1.000000000000000000e+00
-8.440085478893740722e-01 -3.674857887745353047e-01 0.000000000000000000e+00
-8.789377823660594613e-01 6.783792420680223589e-01 0.000000000000000000e+00
-5.620439276180988486e-01 -7.156625098515958516e-01 0.000000000000000000e+00
9.075522615529147963e-01 4.026980857325013763e-01 0.000000000000000000e+00
-9.301161950000573775e-01 3.454654396426402041e-01 0.000000000000000000e+00
3.956024894106758283e-01 9.791589793719713830e-01 0.000000000000000000e+00
-7.372675530628508556e-01 3.070942103450438054e-01 1.000000000000000000e+00
-4.781054565422760416e-01 -7.014087744070788277e-01 0.000000000000000000e+00
-9.581208633480795545e-01 7.322222493733241411e-01 0.000000000000000000e+00
-1.145570526303016035e+00 7.205540796010381777e-02 0.000000000000000000e+00
6.725037632022805578e-01 6.135687791488374510e-01 1.000000000000000000e+00
4.935675582802133698e-01 6.711834137392386213e-01 1.000000000000000000e+00
9.714134683018782468e-01 4.371099086136600032e-01 0.000000000000000000e+00
-9.779172319428269811e-01 5.637286767170781449e-02 0.000000000000000000e+00
-1.462691867815186231e-01 8.385447873894341653e-01 1.000000000000000000e+00
-9.599495144346456010e-01 -6.255627032633025442e-01 0.000000000000000000e+00
-1.874733557323694788e-02 -9.822144318802599194e-01 0.000000000000000000e+00
7.027646733015961988e-01 -6.705266043763680184e-01 0.000000000000000000e+00
-7.945983841260566560e-01 3.129542931530348016e-01 1.000000000000000000e+00
8.587502775088610152e-01 6.235203781923189803e-01 0.000000000000000000e+00
9.992261880364595727e-01 -5.177679270008120893e-01 0.000000000000000000e+00
-6.151585507601650127e-01 -4.099016054250977370e-01 1.000000000000000000e+00
8.011412597856228945e-01 -1.017537319129119405e-01 1.000000000000000000e+00
7.196753707032812475e-01 8.481005030478398765e-02 1.000000000000000000e+00
-4.459820477435749164e-01 6.031105368268274702e-01 1.000000000000000000e+00
-6.435120465048601579e-01 -3.903283414809353702e-01 1.000000000000000000e+00
9.060824620653552541e-01 5.827624205766702703e-01 0.000000000000000000e+00
8.949224941382062370e-01 7.676781736483122287e-02 0.000000000000000000e+00
-7.927466871738958476e-01 -1.621598913143772469e-01 1.000000000000000000e+00
-8.417398680852532511e-01 -5.899990206696723583e-01 0.000000000000000000e+00
-7.016109546918081197e-01 -3.552577989437444295e-01 1.000000000000000000e+00
-5.811846782313324633e-01 -5.226508592767574735e-01 1.000000000000000000e+00
-5.945144239460958824e-01 -7.392281442500353572e-01 0.000000000000000000e+00
6.616698493066073272e-01 8.323575016611677313e-01 0.000000000000000000e+00
7.942369795740009675e-01 -4.592544995303808608e-02 1.000000000000000000e+00
6.913726403889089989e-01 -9.255944052776337028e-01 0.000000000000000000e+00
-3.773811181603990983e-01 -9.052042894338794277e-01 0.000000000000000000e+00
-7.622216758234826584e-01 2.706079306569610932e-01 1.000000000000000000e+00
9.613891442920229347e-01 3.451856754033518215e-01 0.000000000000000000e+00
-3.216262971689854977e-01 8.846663474583054132e-01 0.000000000000000000e+00
-5.256803260600118044e-02 -1.120152316159220618e+00 0.000000000000000000e+00
-5.343125215601739475e-01 -6.353570370205996465e-01 1.000000000000000000e+00
-2.272858169170838827e-01 8.927942099808749976e-01 0.000000000000000000e+00
9.396028039712698288e-01 -4.421433419149534139e-02 0.000000000000000000e+00
-2.463555476434417801e-01 -9.405822743469369751e-01 1.000000000000000000e+00
-6.285194944047054477e-01 -8.134588922110619347e-01 1.000000000000000000e+00
-9.435993193795695344e-01 -3.680883556196199446e-01 0.000000000000000000e+00
5.952100979734848973e-01 8.102474303540669887e-01 0.000000000000000000e+00
5.663388062718379690e-01 9.485397989591767276e-01 0.000000000000000000e+00
-8.171136971971596497e-01 -1.834139733112886694e-01 1.000000000000000000e+00
-7.408295957768136208e-01 -1.519665770560398588e-01 1.000000000000000000e+00
-1.563358344832179447e-01 -7.563575569564395806e-01 1.000000000000000000e+00
-6.332781464111849612e-01 7.305292116740074171e-01 0.000000000000000000e+00
1.014524975840970455e+00 5.749747849830945112e-01 0.000000000000000000e+00
8.557227375693550464e-02 7.314527942992484766e-01 1.000000000000000000e+00
-9.881060126530914756e-02 -8.791696913426998439e-01 0.000000000000000000e+00
5.216251903984328031e-01 -6.031140191517712079e-01 1.000000000000000000e+00
-9.865363088811742731e-01 -1.925146617308651775e-01 0.000000000000000000e+00
8.508420017364279886e-01 -6.436677652710796060e-01 0.000000000000000000e+00
7.305464020226375421e-01 2.764831846710089636e-01 1.000000000000000000e+00
-8.828132269082236139e-01 3.686991269013226713e-01 0.000000000000000000e+00
-3.235909121725594195e-01 1.056198660816936030e+00 0.000000000000000000e+00
1.330784764703717427e-01 -8.810792554748906324e-01 0.000000000000000000e+00
-8.375252863121044333e-01 2.530441246609536066e-01 1.000000000000000000e+00
-6.712987184851564315e-01 5.235965406473145345e-01 1.000000000000000000e+00
8.191752498306817953e-01 5.436612691856991253e-01 0.000000000000000000e+00
3.889605487600824585e-01 -7.772040581073363930e-01 1.000000000000000000e+00
-6.576061968572947114e-01 4.622399798569458151e-01 1.000000000000000000e+00
6.668811277986517183e-01 2.017179502144256231e-01 1.000000000000000000e+00
-9.324963028901743778e-01 -1.682926503798021500e-01 0.000000000000000000e+00
1.090664008758761572e-01 7.047860371955730896e-01 1.000000000000000000e+00
-4.309594638952192747e-01 -8.095762412117933904e-01 1.000000000000000000e+00
-1.043112097507770786e+00 8.799247498187244554e-03 0.000000000000000000e+00
-9.394263420958980371e-01 6.127830037763150051e-01 0.000000000000000000e+00
6.890532600058555390e-01 -2.779717421494220519e-01 1.000000000000000000e+00
-5.727057967787863024e-02 7.278986890104653940e-01 1.000000000000000000e+00
-7.863833056107579766e-01 1.207543428092691384e-01 1.000000000000000000e+00
-3.747764767290636678e-01 6.463450121650207159e-01 1.000000000000000000e+00
-8.024066528989801661e-01 -5.606372146688454183e-01 1.000000000000000000e+00
-7.473487388716604229e-01 3.871644174520782467e-01 0.000000000000000000e+00
-1.282911390910797256e-01 -6.940232779300206101e-01 1.000000000000000000e+00
-5.900421713830656945e-01 6.876542979115574106e-01 1.000000000000000000e+00
-2.489154070234074756e-01 1.100928308312445481e+00 0.000000000000000000e+00
9.064218066412355057e-01 4.802650660205924904e-01 0.000000000000000000e+00
-3.899627882989223915e-01 7.174634028234677663e-01 1.000000000000000000e+00
2.836757766987256790e-01 9.492743414956718029e-01 0.000000000000000000e+00
6.829644481565417813e-01 1.442253308252426092e-01 1.000000000000000000e+00
-1.012119998520070618e+00 -4.711791672152781385e-01 0.000000000000000000e+00
2.118377765092414045e-01 7.290379466638958750e-01 1.000000000000000000e+00
5.707172911771180024e-02 -8.116819087627539231e-01 1.000000000000000000e+00
-5.017691775725422465e-01 7.511942297330731488e-01 0.000000000000000000e+00
8.015871152127230781e-01 2.268310879328946650e-01 1.000000000000000000e+00
3.839667409789624397e-01 -1.035154170292449383e+00 0.000000000000000000e+00
2.207481605210320219e-01 1.032176108684651483e+00 0.000000000000000000e+00
-7.984096506799829296e-01 -1.412447624024951165e-01 1.000000000000000000e+00
-7.439379907618961507e-01 3.767420874639101913e-01 1.000000000000000000e+00
-9.700776201160796752e-01 -1.437401430608292174e-01 0.000000000000000000e+00
-1.296268701118622746e-01 -8.982610156622476971e-01 0.000000000000000000e+00
-1.257764613575541590e-01 -1.005468763145340505e+00 0.000000000000000000e+00
-2.876092202413431664e-01 -9.700918630643278195e-01 0.000000000000000000e+00
8.877860023922073962e-01 5.128697446624764789e-01 0.000000000000000000e+00
9.080797176536317128e-01 -1.198749886446266733e-02 0.000000000000000000e+00
9.810868378653851696e-03 1.075020784846539401e+00 0.000000000000000000e+00
4.248149518521611157e-01 -9.006208356711988827e-01 0.000000000000000000e+00
-6.866660245941902385e-01 4.718375295612514675e-01 0.000000000000000000e+00
1.011064264973624338e+00 -2.999866137742555061e-01 0.000000000000000000e+00
-6.650529702426949408e-01 4.676004990155393504e-01 1.000000000000000000e+00
3.903767447260324541e-01 7.304335851769753196e-01 1.000000000000000000e+00
-9.163096799806755843e-01 8.268981661781178716e-02 0.000000000000000000e+00
-6.868999892685688780e-01 -6.472687136120454099e-01 0.000000000000000000e+00
-7.464814431652233573e-01 -3.684119155657309963e-01 1.000000000000000000e+00
-8.406937138978767265e-01 3.219141219527094089e-01 1.000000000000000000e+00
2.732117647107039082e-01 -1.106122494287003599e+00 0.000000000000000000e+00
5.795759193899897160e-02 1.143127686589647807e+00 0.000000000000000000e+00
1.064999238018073280e+00 -9.975266412636497881e-03 0.000000000000000000e+00
-4.866081740201778222e-02 -6.192608054387300776e-01 1.000000000000000000e+00
5.393962486930599098e-01 4.487576300368850690e-01 1.000000000000000000e+00
-7.836522294826674395e-01 8.058775229908614335e-02 1.000000000000000000e+00
-9.621689825851430511e-01 -5.265353719569102475e-01 0.000000000000000000e+00
7.966599021845026662e-01 3.921380100920888734e-01 0.000000000000000000e+00
-1.961085670128970004e-01 8.770645303557371708e-01 0.000000000000000000e+00
4.096892047296849526e-01 1.116413650264149293e+00 0.000000000000000000e+00
-7.356517672879570036e-01 5.241211579601137149e-01 0.000000000000000000e+00
6.990091392435930917e-01 -4.468237445438983935e-01 1.000000000000000000e+00
4.222617126830938705e-01 8.562748467501097860e-01 0.000000000000000000e+00
5.795762350611132208e-01 7.764324040936941840e-01 0.000000000000000000e+00
-2.076508793959163102e-01 7.203363437504303191e-01 1.000000000000000000e+00
-1.209957425454598334e-01 -6.971392801796847394e-01 1.000000000000000000e+00
4.409421770887392983e-02 -1.139818420156472500e+00 0.000000000000000000e+00
4.993937907895135697e-01 -5.711000207114256266e-01 1.000000000000000000e+00
-2.040336237691109667e-01 8.551597196589973970e-01 0.000000000000000000e+00
-3.089955911582856207e-02 -7.250571999826266323e-01 1.000000000000000000e+00
9.375338121025132976e-01 4.535194118123946350e-01 0.000000000000000000e+00
-7.168329123655194923e-01 5.120321439920376694e-01 0.000000000000000000e+00
-6.377921201378600191e-01 7.552646108721877694e-01 0.000000000000000000e+00
2.979766048695505765e-01 6.325081050820953177e-01 1.000000000000000000e+00
-5.436525180793816414e-01 5.729898202687405684e-01 1.000000000000000000e+00
-5.449972340456444853e-01 -7.065888557608455134e-01 1.000000000000000000e+00
-4.673489267632993105e-01 7.812326468308394833e-01 0.000000000000000000e+00
6.961539924871105178e-01 2.890406617911192022e-01 1.000000000000000000e+00
-4.347503575633233086e-01 -7.107736967536987249e-01 1.000000000000000000e+00
9.774317088752131344e-01 -3.631719320308959276e-01 0.000000000000000000e+00
-8.279643523332720356e-01 3.992176643120011748e-01 0.000000000000000000e+00
-5.013086070058222488e-01 6.247136821273576723e-01 1.000000000000000000e+00
7.550961172231630547e-01 6.162732039372762483e-01 0.000000000000000000e+00
8.536587260221121243e-01 4.874659239882130068e-02 0.000000000000000000e+00
7.388947355582698995e-01 -3.728419035451243646e-01 0.000000000000000000e+00
-4.355647579967542593e-01 7.296914721234796231e-01 1.000000000000000000e+00
-7.533909497781141607e-01 7.194592154079224589e-01 0.000000000000000000e+00
1.556450888230244967e-01 -1.088293037266230057e+00 0.000000000000000000e+00
-7.963614510488445930e-01 2.976837384064809355e-01 1.000000000000000000e+00
-6.799893538939134618e-01 -6.750054578388378079e-01 0.000000000000000000e+00
-5.828504065700789161e-01 -6.126205134150910503e-01 0.000000000000000000e+00
7.707124492516913561e-01 5.357809309405212606e-01 0.000000000000000000e+00
9.010617473581877812e-02 -1.023284991484286532e+00 0.000000000000000000e+00
6.294901395654532994e-01 1.664683877898610054e-01 1.000000000000000000e+00
5.499496130318241027e-01 6.139148150765075806e-01 1.000000000000000000e+00
-7.129608867765622193e-01 -7.352810016328004128e-01 1.000000000000000000e+00
-4.855978219288783482e-01 -6.440638500941728850e-01 1.000000000000000000e+00
7.037702414518413885e-02 9.313814939027540429e-01 0.000000000000000000e+00
9.439972122375479557e-01 -4.298286010996196227e-01 0.000000000000000000e+00
-2.735696570399422378e-01 8.639477338458453337e-01 1.000000000000000000e+00
-1.462303481395112459e-01 9.264348030583927640e-01 1.000000000000000000e+00
7.460547435206698053e-01 3.732537084782034942e-01 1.000000000000000000e+00
9.358681884938193640e-01 6.693315128612338238e-01 0.000000000000000000e+00
-1.163158144511507314e-01 -7.520827354032483258e-01 1.000000000000000000e+00
-2.262609718684581717e-01 1.093697770008400960e+00 0.000000000000000000e+00
5.892771810998171933e-01 -4.586496720228824264e-01 1.000000000000000000e+00
8.049864483506907753e-01 -1.347862558673166011e-01 1.000000000000000000e+00
-5.775410971672654270e-01 -6.274235486824409902e-01 1.000000000000000000e+00
-4.841765660068961807e-01 -4.275721083724867699e-01 1.000000000000000000e+00
6.433260469187292996e-01 -1.574520455675922359e-01 1.000000000000000000e+00
8.842037741481882929e-01 -1.233026244426465579e-01 0.000000000000000000e+00
5.458458853505101516e-01 -8.894292754666712764e-01 1.000000000000000000e+00
-9.778696806314277623e-01 -4.187661720397827247e-01 0.000000000000000000e+00
-5.180023738357579788e-01 -7.504480964747750615e-01 0.000000000000000000e+00
-4.187790528606809282e-02 7.549797701597462662e-01 1.000000000000000000e+00
-8.949633676791268755e-01 5.387936295519002439e-01 0.000000000000000000e+00
-7.181461942378221108e-01 3.488781622391469717e-01 1.000000000000000000e+00
-4.021865731531469312e-01 1.076575120017995824e+00 0.000000000000000000e+00
-8.304194027863203154e-01 -3.753247454683294460e-01 1.000000000000000000e+00
3.484066527698742588e-01 5.409682783134581729e-01 1.000000000000000000e+00
5.018373644816097601e-01 6.066922329737373110e-01 1.000000000000000000e+00
6.680524630135200592e-01 -7.601520012138071047e-01 0.000000000000000000e+00
-4.877611009834558753e-01 -7.713734758107435585e-01 0.000000000000000000e+00
-4.000363343500121793e-01 -8.560635780035126263e-01 1.000000000000000000e+00
-6.108572807852010733e-01 -6.647233457169903215e-01 0.000000000000000000e+00
7.434021318645187559e-01 1.337617119298432633e-01 1.000000000000000000e+00
-8.375602860386508475e-01 7.687088417703806797e-01 0.000000000000000000e+00
8.493022723932498463e-01 1.807222016825498212e-01 0.000000000000000000e+00
-8.191441941317567643e-01 -4.759236596309975309e-01 0.000000000000000000e+00
-7.143465811378195696e-01 -7.681946704250274260e-01 0.000000000000000000e+00
6.781867792426587993e-01 -5.127063533634690362e-01 1.000000000000000000e+00
-5.899138990627825763e-01 4.829368486496552482e-01 1.000000000000000000e+00
-9.378289670202624162e-01 -2.390294489253107779e-01 0.000000000000000000e+00
-1.007821988873603081e+00 2.002636931677282406e-01 1.000000000000000000e+00
-1.044083250089966164e+00 -3.284648433968411774e-01 0.000000000000000000e+00
-7.590561851851000963e-01 3.465286510599303038e-01 0.000000000000000000e+00
1.119908697135983955e-01 8.480752464021638071e-01 0.000000000000000000e+00
-7.389570154643640976e-01 7.948391291262441039e-01 0.000000000000000000e+00
9.072748244936089668e-01 2.875540102006091114e-01 1.000000000000000000e+00
5.144138687289812051e-01 -8.378043402541980322e-01 1.000000000000000000e+00
4.196973149128241376e-01 -1.053008379293852936e+00 0.000000000000000000e+00
6.741511694678848921e-01 -7.046336820759694364e-01 1.000000000000000000e+00
8.440235205245917305e-01 5.268043022344203186e-01 0.000000000000000000e+00
-9.625639459413187771e-01 -3.329984369072643835e-01 0.000000000000000000e+00
-9.365653390746080387e-01 -2.276835091446006432e-01 0.000000000000000000e+00
7.659520987024295291e-01 6.514441639728307809e-01 0.000000000000000000e+00
-2.922212742572214417e-01 4.546451999759875129e-01 1.000000000000000000e+00
1.352828068046837973e-01 -6.932381804491268840e-01 1.000000000000000000e+00
-7.592644430239136044e-01 5.129218808145752373e-01 0.000000000000000000e+00
-9.888161540843953823e-01 -1.617619484683626430e-01 1.000000000000000000e+00
2.418865893389697819e-01 6.578413090252138717e-01 1.000000000000000000e+00
-5.903744374353903090e-01 -7.116822383133285523e-01 0.000000000000000000e+00
-7.740038269605866716e-01 2.574438577469341793e-01 1.000000000000000000e+00
4.146746047196270823e-01 -7.284828684236224206e-01 1.000000000000000000e+00
-1.673901128714762876e-01 9.071094825560270802e-01 0.000000000000000000e+00
6.808581722659654556e-01 6.044553118278953030e-02 1.000000000000000000e+00
-5.152560547537988755e-01 -7.250364490439793475e-01 1.000000000000000000e+00
-3.159015058021255595e-01 1.134900842950531397e+00 0.000000000000000000e+00
8.689992127475270056e-01 -1.768491192329002537e-01 1.000000000000000000e+00
1.398751767780523347e-01 -6.784347473164247244e-01 1.000000000000000000e+00
-3.950876763022742599e-01 -1.096314136249985749e+00 0.000000000000000000e+00
-5.060509657519138838e-01 -7.244540168130655378e-01 1.000000000000000000e+00
7.571639690352920393e-01 7.797022953623357067e-01 0.000000000000000000e+00
8.664118292770763841e-01 -5.965348877678081640e-01 0.000000000000000000e+00
1.029656300867700658e+00 -8.842538806058281020e-02 1.000000000000000000e+00
-3.148489239176742727e-01 -1.016440820565635450e+00 0.000000000000000000e+00
-8.607067015368361496e-01 1.064398553676836057e-01 0.000000000000000000e+00
1.013763601731064445e-01 1.180304407093472951e+00 0.000000000000000000e+00
3.729767949944594041e-01 -7.161335495204382839e-01 1.000000000000000000e+00
8.623697932384203346e-01 -6.982082414333407039e-01 0.000000000000000000e+00
6.960901200179948622e-01 -1.555829642802655788e-01 1.000000000000000000e+00
-1.262485659627625156e-01 8.064118145621774758e-01 1.000000000000000000e+00
-7.873825363767936736e-01 5.324217613950114891e-02 1.000000000000000000e+00
-9.936945942014646649e-01 1.408364976163346827e-02 0.000000000000000000e+00
-9.520800923547640959e-01 -1.722221581522703771e-01 0.000000000000000000e+00
-1.004108370657562421e+00 3.896820284664353484e-01 0.000000000000000000e+00
8.303709629885527299e-01 -1.719050132070670256e-01 1.000000000000000000e+00
-7.445890354338126071e-01 4.869088073570305153e-01 0.000000000000000000e+00
-6.761464334251594543e-01 -1.850268139622411045e-01 1.000000000000000000e+00
-2.349844351743817228e-01 -1.027621929175438042e+00 0.000000000000000000e+00
3.955978769060722877e-01 -6.703244296886069487e-01 1.000000000000000000e+00
1.046102864499887319e+00 -1.403673714281076512e-01 0.000000000000000000e+00
-8.425603739769772504e-01 -2.670143778101805587e-01 1.000000000000000000e+00
-6.093420293793730402e-02 7.968108087589016453e-01 1.000000000000000000e+00
6.279513651048036493e-01 6.781369803462176105e-01 1.000000000000000000e+00
4.137251499317419201e-01 -5.676938106082044522e-01 0.000000000000000000e+00
-5.627008999022431457e-01 5.228652176981863908e-01 0.000000000000000000e+00
-7.542479304861774425e-01 2.257378069087103978e-01 1.000000000000000000e+00
-4.491679090321950563e-01 6.612171107109600099e-01 1.000000000000000000e+00
6.053558413410066452e-02 -7.956652446050537231e-01 1.000000000000000000e+00
-8.407116407890873333e-01 -2.380512088928369296e-01 0.000000000000000000e+00
5.728109444118917315e-01 -8.662778509753740197e-01 0.000000000000000000e+00
8.834729895059768578e-01 5.326360699394169784e-02 1.000000000000000000e+00
-3.953829490224511356e-01 -9.617951710757666195e-01 0.000000000000000000e+00
-3.206992865364484691e-01 1.114175613978367396e+00 0.000000000000000000e+00
2.208936338068568928e-01 7.620851245639922444e-01 1.000000000000000000e+00
5.540231727035769271e-01 8.158697790567527308e-01 0.000000000000000000e+00
-2.453211079681832940e-02 8.918921655521396819e-01 1.000000000000000000e+00
4.642396892449265344e-01 6.703338608806944654e-01 1.000000000000000000e+00
7.596106937321394081e-01 -5.298624778552416537e-01 1.000000000000000000e+00
-6.397801640484286345e-01 7.127403190062601146e-01 0.000000000000000000e+00
8.126480192214549092e-01 -3.787884879745129219e-01 1.000000000000000000e+00
-1.021670279087981026e+00 -5.888797403134653496e-01 0.000000000000000000e+00
-1.045334169147172365e-01 6.708016769086400100e-01 1.000000000000000000e+00
-7.140625186556196491e-01 7.903500320939856882e-01 0.000000000000000000e+00
-4.522159383561523138e-01 -8.657039867178568660e-01 0.000000000000000000e+00
4.190327514519728291e-01 -7.690177677272765910e-01 0.000000000000000000e+00
2.223884804099968138e-01 -5.083644068149555384e-01 1.000000000000000000e+00
3.663755560892615892e-01 -8.786079234042923902e-01 0.000000000000000000e+00
6.462579580176657235e-01 -6.852503235351906641e-01 1.000000000000000000e+00
-5.037258006294389467e-01 7.566659887420972286e-01 0.000000000000000000e+00
-9.722153501298880229e-01 -9.123476878740161000e-02 1.000000000000000000e+00
6.273188431785065022e-01 -5.048349533220680696e-01 1.000000000000000000e+00
8.235474926016572716e-01 3.488595378022910087e-01 1.000000000000000000e+00
-1.626378687996695993e-01 -7.448774717528250378e-01 1.000000000000000000e+00
-6.296595205726254196e-01 -7.855420800673040826e-01 0.000000000000000000e+00
7.799658053356273157e-01 -3.075563559268907898e-01 0.000000000000000000e+00
-5.106555582877478905e-01 8.441271949911353101e-01 0.000000000000000000e+00
3.175564173099039711e-01 -1.010278921355252324e+00 1.000000000000000000e+00
1.057979440378656655e+00 -3.634565183015218970e-02 0.000000000000000000e+00
3.684091288526102348e-01 4.478130985739388059e-01 1.000000000000000000e+00
-6.799964206790426458e-01 2.558923485263385200e-01 1.000000000000000000e+00
9.906032505166794122e-01 2.475132801131041116e-01 0.000000000000000000e+00
6.851831229025530101e-01 -3.545029427490945517e-01 1.000000000000000000e+00
-1.348677322828908953e-01 -6.769950774985661335e-01 1.000000000000000000e+00
5.864910677889113577e-01 5.960748093733204689e-01 1.000000000000000000e+00
-2.953806412902739709e-01 -8.516001243043401780e-01 0.000000000000000000e+00
7.380190948371460058e-01 -5.161326921072241503e-02 1.000000000000000000e+00
-7.197947144477756520e-01 -6.293750180001653205e-02 1.000000000000000000e+00
1.139945145769350354e+00 1.811550646137118359e-01 0.000000000000000000e+00
8.097238052439623690e-01 2.246596186938114859e-01 1.000000000000000000e+00
5.586117230589794369e-01 4.607617822890160975e-01 1.000000000000000000e+00
-9.529715305773514555e-02 1.067273526816273854e+00 0.000000000000000000e+00
3.927642302945648645e-01 -7.461969144224803729e-01 1.000000000000000000e+00
7.436029829952507386e-01 4.015241953666878194e-01 1.000000000000000000e+00
4.072992000166677506e-01 -9.536380966161606132e-01 0.000000000000000000e+00
8.826508074717527297e-01 5.072525226206936466e-01 0.000000000000000000e+00
1.877044778206006792e-01 7.655757918986767496e-01 1.000000000000000000e+00
4.248894666968575651e-01 -9.544322448912389012e-01 0.000000000000000000e+00
6.559709485254134886e-01 6.414392829321782230e-01 0.000000000000000000e+00
-9.015978117010737813e-01 3.496836263104559084e-01 1.000000000000000000e+00
-5.487023530997463538e-01 -7.417629949364167308e-01 1.000000000000000000e+00
5.703367952421204423e-01 -7.915105555962882455e-01 0.000000000000000000e+00
9.666080765826544630e-01 -2.604451113208132718e-01 0.000000000000000000e+00
-6.375926807500013060e-01 3.667134559944372763e-01 1.000000000000000000e+00
1.716852426362273920e-01 6.942609061258502301e-01 1.000000000000000000e+00
-3.217302818447959623e-01 -6.978097390196529304e-01 1.000000000000000000e+00
-2.130047512106239271e-01 -7.379855204038173744e-01 1.000000000000000000e+00
8.291334865774612206e-01 -6.205444633672785315e-01 0.000000000000000000e+00
-1.166920106676143210e+00 1.919021255696578832e-01 0.000000000000000000e+00
9.311504834297611444e-01 4.897368935087355601e-01 0.000000000000000000e+00
-1.424487311696231995e-01 1.047719425962746032e+00 0.000000000000000000e+00
-5.373043016795830962e-01 3.957198343478829372e-01 1.000000000000000000e+00
9.283560831068722319e-01 3.627925178481857804e-01 0.000000000000000000e+00
-1.149421054245627127e+00 -1.653546345398888562e-01 0.000000000000000000e+00
5.757429449192772442e-01 -5.526195302924825636e-01 1.000000000000000000e+00
-6.552453562792170949e-01 -3.249448083470605209e-01 1.000000000000000000e+00
7.920955818472119603e-01 7.907380262302871055e-01 0.000000000000000000e+00
6.939141744131641643e-01 -8.162966207207202896e-01 0.000000000000000000e+00
6.511823650020300835e-01 6.015676033217990382e-01 0.000000000000000000e+00
1.797182665040115146e-01 -9.496979956781048671e-01 0.000000000000000000e+00
1.532128234156152624e-01 -9.511851847294658935e-01 0.000000000000000000e+00
1.007612121642002201e+00 -1.804354103590548597e-01 0.000000000000000000e+00
-2.747535682426604509e-01 7.845870544514993439e-01 1.000000000000000000e+00
6.550321388916124921e-01 -3.650627508653687681e-01 1.000000000000000000e+00
5.178979210895343632e-01 -4.618324813493332459e-01 1.000000000000000000e+00
1.556045095540928014e-01 8.998690782546856504e-01 0.000000000000000000e+00
-2.621351489994682149e-01 -1.074335353519060732e+00 0.000000000000000000e+00
6.597577229876735450e-01 3.717108801305326615e-01 1.000000000000000000e+00
-7.773452699119578480e-01 -3.451549375801568620e-02 1.000000000000000000e+00
7.176954582333685551e-01 -8.461062056911680118e-01 0.000000000000000000e+00
3.308189937310121453e-01 8.822453124354608933e-01 1.000000000000000000e+00
-7.883519107116627733e-01 -9.538397352965100051e-02 0.000000000000000000e+00
7.674498223693774213e-01 -2.749478026335426262e-01 1.000000000000000000e+00
-5.924307094263785434e-01 -8.463402567850080160e-01 0.000000000000000000e+00
7.331768793393119710e-01 6.929357931525214065e-01 0.000000000000000000e+00
-7.884120350278276401e-01 -4.482896851834224095e-02 1.000000000000000000e+00
7.293804196398359085e-01 -5.859649243974978106e-01 1.000000000000000000e+00
3.504707980963223113e-01 -7.252830814208583998e-01 1.000000000000000000e+00
-8.646436594841431234e-01 -2.537609338775415058e-01 1.000000000000000000e+00
-4.375495027004508430e-01 6.849083657712563555e-01 1.000000000000000000e+00
-6.111389569639035235e-01 4.270690394406868040e-01 1.000000000000000000e+00
7.655542533990591370e-01 -2.207252571304121891e-01 0.000000000000000000e+00
8.398463261065803875e-01 -3.164772956823922456e-01 0.000000000000000000e+00
-6.046827145067067422e-01 8.656902021412395953e-01 0.000000000000000000e+00
-7.041412232512627156e-01 5.240434969293603640e-01 0.000000000000000000e+00
5.632137446239493528e-01 -7.533827271250663760e-01 0.000000000000000000e+00
8.563854699372540624e-01 4.549884831430843213e-01 0.000000000000000000e+00
5.409298458397842069e-01 -3.615522222574197309e-01 1.000000000000000000e+00
-5.470647353133718804e-02 -9.820967225388882449e-01 0.000000000000000000e+00
-4.450878163482136496e-01 4.345974405250159212e-01 1.000000000000000000e+00
6.505721775115907990e-02 -8.446776175786463448e-01 1.000000000000000000e+00
-3.355938335760273450e-01 -7.689099522420960175e-01 1.000000000000000000e+00
5.462901288591908155e-01 4.331455920324805420e-01 1.000000000000000000e+00
-6.315566619266308468e-01 -2.750383083818959129e-01 1.000000000000000000e+00
9.215108129507230128e-01 -3.500293506556508838e-01 0.000000000000000000e+00
2.134889681243731241e-01 8.486043072108425678e-01 1.000000000000000000e+00
5.121722169903464295e-01 9.512410390651688807e-01 0.000000000000000000e+00
-1.481409344044761212e-01 6.794435322604779337e-01 1.000000000000000000e+00
-7.070933224179815069e-01 2.696032652346357084e-02 1.000000000000000000e+00
-9.496599285277352864e-01 4.614822517726196449e-01 0.000000000000000000e+00
-3.564474480189679384e-01 -7.942777995997907237e-01 1.000000000000000000e+00
5.593004797530465311e-01 -3.223524098305279306e-01 1.000000000000000000e+00
-8.348930225827050355e-01 -3.451164716001403621e-01 1.000000000000000000e+00
-9.559839134593334231e-01 5.324926056082490700e-01 0.000000000000000000e+00
8.755131382110445948e-01 -5.276097666364557015e-02 1.000000000000000000e+00
7.166140548472244021e-01 -6.991538135662562770e-01 0.000000000000000000e+00
1.073978476438713026e+00 -4.562944814571884278e-01 0.000000000000000000e+00
-2.473788138680813875e-01 -7.566642516515922345e-01 1.000000000000000000e+00
-3.666368712844754185e-01 8.141310949179803025e-01 0.000000000000000000e+00
-2.933622024638493087e-01 -7.747849185710422582e-01 1.000000000000000000e+00
-3.145464274726774700e-01 -6.829808199787748002e-01 1.000000000000000000e+00
-8.030757608360266087e-01 1.397727514187965536e-01 1.000000000000000000e+00
1.898835532619724265e-01 1.033194959239475130e+00 0.000000000000000000e+00
5.468915688308109146e-01 -5.589508610122229104e-01 1.000000000000000000e+00
6.223095260199333900e-01 -3.439844668756009138e-02 1.000000000000000000e+00
8.928878814717171597e-01 -5.594719657796299872e-01 0.000000000000000000e+00
9.862978538199150824e-01 -1.165532602161796494e-03 0.000000000000000000e+00
-1.112133014713310164e-01 1.052192424812918636e+00 0.000000000000000000e+00
-6.548723556350292130e-01 -7.196589637201051826e-01 1.000000000000000000e+00
9.887914950136673653e-01 2.727147831166345515e-01 0.000000000000000000e+00
6.626708595793753265e-01 -5.034786269797286717e-01 1.000000000000000000e+00
8.521836329978924041e-02 7.944480726096857515e-01 1.000000000000000000e+00
9.101507922960738739e-01 -6.697484403150546495e-01 0.000000000000000000e+00
6.932027504152307174e-01 -2.587819567226007922e-01 1.000000000000000000e+00
-5.696992745488685950e-01 -8.454274920026233486e-01 0.000000000000000000e+00
1.018936000849107737e+00 -4.152688313400434983e-02 0.000000000000000000e+00
-1.046336608466049978e-01 5.555050782656238972e-01 1.000000000000000000e+00
6.206687240786583626e-01 3.728557102660868816e-01 1.000000000000000000e+00
-3.994623866786931599e-01 4.006533800884789498e-01 1.000000000000000000e+00
-2.004729285334735378e-01 8.888218498870316120e-01 0.000000000000000000e+00
6.037829283087967625e-01 -2.486674326727931761e-01 1.000000000000000000e+00
9.044285377753229493e-01 4.622142643192052591e-01 0.000000000000000000e+00
6.522430772159921730e-01 5.753821067494252484e-01 0.000000000000000000e+00
-4.389021426616758759e-01 1.034734357821767592e+00 0.000000000000000000e+00
-4.227225358626793272e-01 -5.655751725128156382e-01 1.000000000000000000e+00
9.208506611694901034e-01 -4.910453031535217949e-01 0.000000000000000000e+00
-8.666615582340206903e-01 9.341920265800641998e-02 0.000000000000000000e+00
3.400092912819732693e-02 -9.299709656958167203e-01 1.000000000000000000e+00
-7.515009782103660996e-01 5.480278373681789494e-01 0.000000000000000000e+00
9.924896039923153390e-01 2.613915817043399592e-02 0.000000000000000000e+00
1.814767690660124833e-01 1.021252505109345954e+00 0.000000000000000000e+00
-7.088613583198415391e-01 4.861015305535787423e-01 1.000000000000000000e+00
-1.785642161903961134e-01 1.007326776959039272e+00 0.000000000000000000e+00
-6.031608896731617542e-02 1.191431919521359184e+00 0.000000000000000000e+00
8.745864087062439618e-03 8.179290073135035977e-01 1.000000000000000000e+00
7.993150473304194703e-01 -3.878812564138963137e-01 1.000000000000000000e+00
-3.365954065482043567e-02 -6.929549582471984381e-01 1.000000000000000000e+00
-4.335436232847100224e-01 5.849069211498888476e-01 1.000000000000000000e+00
5.032544017629124733e-01 -8.348021772274989427e-01 0.000000000000000000e+00
-3.181175136447965679e-01 -1.054979326635858250e+00 0.000000000000000000e+00
-3.834293804542210915e-01 -5.854398398576001750e-01 1.000000000000000000e+00
1.118524446334782096e+00 -1.780094003732424213e-01 0.000000000000000000e+00
3.108927989292057936e-01 8.006250715749301250e-01 1.000000000000000000e+00
3.280030488625380047e-01 -9.088349526964706326e-01 1.000000000000000000e+00
8.731742796418183739e-01 3.225678689498407969e-01 0.000000000000000000e+00
-5.093970601637729523e-01 9.668861376081374637e-01 0.000000000000000000e+00
1.089577707603896828e+00 1.802711887789617551e-01 0.000000000000000000e+00
-6.599258682822727318e-01 6.981931312107104715e-01 0.000000000000000000e+00
8.898213152134856196e-01 -3.564402306892806571e-01 0.000000000000000000e+00
-9.410281106448885602e-01 5.538375706506305507e-01 0.000000000000000000e+00
9.724016162991908629e-01 1.886369867175758941e-01 0.000000000000000000e+00
7.557784410760012284e-01 -1.198554118185390649e-01 1.000000000000000000e+00
1.554158026527271697e-01 -9.399190984785174008e-01 0.000000000000000000e+00
-8.151412648369272818e-01 -2.389966508876223070e-02 1.000000000000000000e+00
5.102456555065555399e-01 4.797592521522098252e-01 1.000000000000000000e+00
-7.811053695267831110e-01 -1.353138599352775584e-01 1.000000000000000000e+00
-1.322673870397422236e-01 9.103649567003661014e-01 1.000000000000000000e+00
-8.118156777648287692e-01 -5.013950287272960216e-01 1.000000000000000000e+00
8.831889015462293102e-01 -1.498066666843239636e-01 1.000000000000000000e+00
-4.600488989286944386e-01 -9.642070011285037712e-01 0.000000000000000000e+00
-4.417996815847652359e-02 -9.268104472647973324e-01 0.000000000000000000e+00
-6.254921615494362097e-01 -3.114845812932943714e-01 1.000000000000000000e+00
-7.645456119468450051e-01 -3.404372806053121980e-01 0.000000000000000000e+00
-9.064773183527981282e-02 1.028903017583001844e+00 1.000000000000000000e+00
9.283529156715637498e-01 -1.644248781225589318e-01 0.000000000000000000e+00
6.381240950778090948e-01 5.873642779471336395e-01 1.000000000000000000e+00
6.657394203910693697e-01 3.707750027616539823e-01 1.000000000000000000e+00
1.021314600446402432e+00 -4.285077390104677364e-02 0.000000000000000000e+00
-8.127241078274924924e-01 -7.984932108681838669e-02 1.000000000000000000e+00
-6.161102801102485982e-01 -9.523344269436176956e-01 0.000000000000000000e+00
-7.887718300559513895e-02 7.741748982048768379e-01 1.000000000000000000e+00
-7.876542434132005610e-01 -7.737855331840541584e-02 0.000000000000000000e+00
7.077494332588043502e-01 -6.520632729080877432e-01 0.000000000000000000e+00
6.588888213740945465e-01 -7.952830104991276405e-02 1.000000000000000000e+00
-3.128867805522181911e-01 -7.299213272742852698e-01 1.000000000000000000e+00
-2.747301227940133206e-01 9.191537380077918762e-01 1.000000000000000000e+00
7.672193482772777795e-01 -8.624811207287379489e-01 0.000000000000000000e+00
-8.537167608378662953e-01 4.705127535179121079e-01 0.000000000000000000e+00
-7.410459305297767418e-01 -5.109956137641071816e-01 0.000000000000000000e+00
2.511628828096894583e-01 -5.693544685907575564e-01 1.000000000000000000e+00
2.555264884547995274e-01 -9.437780656588985462e-01 0.000000000000000000e+00
8.426789472501644562e-01 3.255562935830203508e-01 1.000000000000000000e+00
-7.259056290331559191e-01 1.955839287979948826e-01 1.000000000000000000e+00
6.284657191315000668e-01 -7.646657583942737535e-01 0.000000000000000000e+00
-7.247306055917616119e-01 7.072697567377960182e-01 1.000000000000000000e+00
-8.025371440849264904e-01 -7.545181819873654216e-01 0.000000000000000000e+00
-8.231311932634223227e-01 -3.619114728503730061e-01 0.000000000000000000e+00
4.089176407382134060e-01 -5.172296406049660122e-01 1.000000000000000000e+00
8.267697856255463718e-01 -1.534857348033426272e-01 1.000000000000000000e+00
3.275936008427984825e-02 -1.130687878811341918e+00 0.000000000000000000e+00
-8.092555340847569223e-01 -8.026763836616769288e-01 1.000000000000000000e+00
-9.073238606574449694e-01 1.338166920904523827e-01 1.000000000000000000e+00
-4.011892589323661218e-01 -6.672079865491915562e-01 0.000000000000000000e+00
4.580778708213108508e-01 8.268492617192497729e-01 0.000000000000000000e+00
9.169980398224171214e-01 3.122520003685758105e-02 1.000000000000000000e+00
1.434312055854305434e-01 -6.714046128313302386e-01 1.000000000000000000e+00
-6.424622956001960206e-02 8.906851677204035145e-01 1.000000000000000000e+00
2.757218223096194465e-01 -8.090158120833731425e-01 0.000000000000000000e+00
-2.450320069039440551e-01 8.508490646762363330e-01 0.000000000000000000e+00
-7.067655051997879800e-01 -3.583588403023291180e-01 1.000000000000000000e+00
3.663850331800505566e-01 -9.301782431984089161e-01 0.000000000000000000e+00
-1.570571141368427154e-02 -8.028145513907156694e-01 1.000000000000000000e+00
4.313182671317331018e-01 8.489536617201800528e-01 0.000000000000000000e+00
-6.415660453947150677e-01 -8.868553541548501729e-01 0.000000000000000000e+00
9.095045289055194715e-01 2.273383029662348342e-01 1.000000000000000000e+00
-3.176896417943061435e-01 6.881183038955132059e-01 1.000000000000000000e+00
4.529435923610913850e-01 7.269567076140028838e-01 1.000000000000000000e+00
2.224187688451844669e-01 -6.534631332572951035e-01 1.000000000000000000e+00
-4.391988883595232540e-01 7.785278464766292039e-01 1.000000000000000000e+00
9.191921212371062522e-01 -2.236391967006576276e-01 0.000000000000000000e+00
-8.271616112284180256e-01 2.989377351618417999e-01 0.000000000000000000e+00
6.546654934459077424e-01 5.258726989382919159e-01 1.000000000000000000e+00
-8.255838228036208593e-01 2.641337003855108723e-01 1.000000000000000000e+00
7.710817916057910448e-01 -2.938318836164774961e-01 0.000000000000000000e+00
-3.947448372465685029e-01 -6.099207774766927104e-01 1.000000000000000000e+00
-5.004649572829016346e-01 8.874500347059525174e-01 0.000000000000000000e+00
5.242544081468587802e-02 -1.010387663288962568e+00 1.000000000000000000e+00
6.326844653077928760e-01 5.841725003885889222e-01 1.000000000000000000e+00
7.250456119433430491e-01 7.399967525078461339e-01 0.000000000000000000e+00
5.503528690366744636e-01 6.067802581927165262e-01 1.000000000000000000e+00
6.755963982760599951e-01 -3.822651141496602456e-01 1.000000000000000000e+00
-9.987832238045335487e-06 8.710893516948681192e-01 1.000000000000000000e+00
-4.849698757489879219e-01 7.537491054387748246e-01 0.000000000000000000e+00
7.174527157267270860e-01 2.873552716046027800e-01 1.000000000000000000e+00
8.051557328536893543e-01 8.152452765574980109e-01 0.000000000000000000e+00
7.118287618009234707e-01 -5.326286135160784863e-01 1.000000000000000000e+00
4.771018226140550378e-01 -9.957144286725104765e-01 0.000000000000000000e+00
