-4.820094194080495775e+00 3.126598626193129449e-01 1.000000000000000000e+00
-4.857989018242919954e+00 -7.553261161718929362e-01 1.000000000000000000e+00
-5.871480630161059366e+00 1.870856382203073820e-01 1.000000000000000000e+00
-7.111904614074342490e+00 3.675262984454622739e+00 0.000000000000000000e+00
-7.764167525407156489e+00 5.853707086356121359e+00 0.000000000000000000e+00
-8.077631177810568275e+00 4.221665259163357220e+00 0.000000000000000000e+00
-4.718293444060092767e+00 2.569080244809185953e-01 1.000000000000000000e+00
-6.362418194526723525e+00 4.220380908564075884e-01 1.000000000000000000e+00
-4.802059759260903782e+00 6.076397612142661053e-01 1.000000000000000000e+00
-8.029284320456918422e+00 7.013276281426040981e+00 0.000000000000000000e+00
-8.094311304573757582e+00 4.750787878921402196e+00 0.000000000000000000e+00
-6.163600318457352678e+00 3.266272590100051332e+00 0.000000000000000000e+00
-5.389383036765726942e+00 5.540616810761415101e-01 1.000000000000000000e+00
-6.728132970331976104e+00 5.657834534001148441e+00 0.000000000000000000e+00
-5.968141416609269001e+00 5.469274380661128809e-01 1.000000000000000000e+00
-4.123171874550513927e+00 1.559666049473055205e-01 1.000000000000000000e+00
-5.847900835146009335e+00 -6.982978656983445109e-01 1.000000000000000000e+00
-3.730229070046135131e+00 -9.886888174654526740e-01 1.000000000000000000e+00
-7.482119902371733744e+00 4.669188461057449224e+00 0.000000000000000000e+00
-4.586802272352672460e+00 7.829253990924802675e-01 1.000000000000000000e+00
-5.216778451175054343e+00 5.969892742139900399e+00 0.000000000000000000e+00
-5.808119214264950259e+00 1.115806358612136950e+00 1.000000000000000000e+00
-4.193006239961075465e+00 -1.596606202557970811e-02 1.000000000000000000e+00
-5.651445009521280483e+00 5.151620687197254078e+00 0.000000000000000000e+00
-5.952159981998555338e+00 1.640272615642945908e+00 1.000000000000000000e+00
-4.878699235179744242e+00 -9.361785329066911743e-01 1.000000000000000000e+00
-5.822800021319936903e+00 4.618527311919581990e+00 0.000000000000000000e+00
-4.545443079660146601e+00 4.246828624974777755e-01 1.000000000000000000e+00
-6.844149492869708418e+00 3.291439014193703549e+00 0.000000000000000000e+00
-6.409220472035344507e+00 4.182623410189286517e+00 0.000000000000000000e+00
-7.110827589857749764e+00 7.102040350297228244e+00 0.000000000000000000e+00
-6.865593966068629150e+00 3.865019069438212274e+00 0.000000000000000000e+00
-3.911003197161891265e+00 6.640623027756109575e-02 1.000000000000000000e+00
-5.218299094114178693e+00 -5.077780636501845191e-01 1.000000000000000000e+00
-5.069592340530391539e+00 -1.182724070814382689e+00 1.000000000000000000e+00
-6.881326806266071294e+00 4.123048565185392533e+00 0.000000000000000000e+00
-2.854321594269113582e+00 7.742121781155025806e-01 1.000000000000000000e+00
-9.265324888730479103e+00 4.968251196965647765e+00 0.000000000000000000e+00
-5.875221325709016007e+00 4.944868659260190924e+00 0.000000000000000000e+00
-8.542868417962758087e+00 4.287907095070696784e+00 0.000000000000000000e+00
-9.536236474917242134e+00 5.540040272646406194e+00 0.000000000000000000e+00
-4.815413452018600715e+00 -5.244564339056705382e-01 1.000000000000000000e+00
-4.959124908019302502e+00 1.585833734517381188e-01 1.000000000000000000e+00
-5.268784775858994074e+00 1.418798011572575568e+00 1.000000000000000000e+00
-5.895467111944443950e+00 4.781890529056176398e+00 0.000000000000000000e+00
-6.471507964098706545e+00 7.637856869845260910e-01 1.000000000000000000e+00
-8.368728168665771960e+00 3.674379542207397709e+00 0.000000000000000000e+00
-3.621312813265868513e+00 -8.498838351010158387e-01 1.000000000000000000e+00
-5.490023100247703347e+00 9.280751457201570354e-01 1.000000000000000000e+00
-4.517746549312865234e+00 2.186383928744488614e-01 1.000000000000000000e+00
-4.861455715137484646e+00 9.396366889126240851e-01 1.000000000000000000e+00
-7.097545991189090131e+00 3.886587698590128426e+00 0.000000000000000000e+00
-5.828990328328547577e+00 3.902676287164079660e+00 0.000000000000000000e+00
-7.488071042213855222e+00 4.335593345305140289e+00 0.000000000000000000e+00
-5.087922437331670267e+00 3.799992385293856856e+00 0.000000000000000000e+00
-5.732254966127588780e+00 1.269633684666064743e+00 1.000000000000000000e+00
-5.298538777580384718e+00 1.282225804026085658e+00 1.000000000000000000e+00
-5.191675994434441499e+00 1.499073576748811032e+00 1.000000000000000000e+00
-6.051726146594834432e+00 3.945588986633592921e+00 0.000000000000000000e+00
-4.559830696593240695e+00 9.121962865665671494e-01 1.000000000000000000e+00
-4.218159843664843756e+00 -7.999526249870587691e-01 1.000000000000000000e+00
-6.620821111359333599e+00 3.654177947621011668e+00 0.000000000000000000e+00
-4.965339362666001399e+00 7.029377367651734598e-01 1.000000000000000000e+00
-4.780220220033257306e+00 -4.704428381365184375e-01 1.000000000000000000e+00
-6.884860141499912878e+00 3.511435086222896906e+00 0.000000000000000000e+00
-4.552744893609014909e+00 6.797861650405609968e-01 1.000000000000000000e+00
-6.221185949608017296e+00 4.133761290377951925e-01 1.000000000000000000e+00
-5.511895439644082018e+00 5.179498220592578583e+00 0.000000000000000000e+00
-5.051253933429929788e+00 5.069281649732044315e+00 0.000000000000000000e+00
-8.282382966331926610e+00 3.606549547469549921e+00 0.000000000000000000e+00
-4.977341779003780609e+00 1.105288187199443106e+00 1.000000000000000000e+00
-8.520906083598301706e+00 6.092786545696919909e+00 0.000000000000000000e+00
-6.603716167442259533e+00 5.686112031569564573e-01 1.000000000000000000e+00
-7.307063632991718904e+00 2.646869489614584570e+00 0.000000000000000000e+00
-6.927115483005894525e+00 5.754164497962485747e+00 0.000000000000000000e+00
-7.533298139533062709e+00 3.581802658934566175e+00 0.000000000000000000e+00
-4.374931917698332562e+00 1.728476230328895413e+00 1.000000000000000000e+00
-5.941231063685318503e+00 4.201238819244612621e+00 0.000000000000000000e+00
-3.752714004031757256e+00 1.883401746161793122e+00 1.000000000000000000e+00
-4.193418979111420697e+00 1.536180960683537489e-01 1.000000000000000000e+00
-6.309644090542670725e+00 4.782390769570680433e+00 0.000000000000000000e+00
-7.314622885481803394e+00 3.541770414698859781e+00 0.000000000000000000e+00
-5.938361992776695075e+00 6.489943574363372658e-01 1.000000000000000000e+00
-5.820787034397991278e+00 3.585825129215880924e+00 0.000000000000000000e+00
-5.029678814446446822e+00 -1.002850090833591779e+00 1.000000000000000000e+00
-8.494261502940489095e+00 4.012670632309754737e+00 0.000000000000000000e+00
-4.761821486492285871e+00 4.720351643750571036e-01 1.000000000000000000e+00
-8.264934374077109069e+00 4.852247830959236730e+00 0.000000000000000000e+00
-6.441228690586756400e+00 7.440040010972349904e+00 0.000000000000000000e+00
-3.293013184926101289e+00 9.349490922972106821e-01 1.000000000000000000e+00
-5.108776123145241321e+00 -1.517540239667446444e-01 1.000000000000000000e+00
-3.047507185103598637e+00 1.078637676661995171e+00 1.000000000000000000e+00
-4.234505981494204541e+00 3.209123293431767054e-01 1.000000000000000000e+00
-5.768734668742055760e+00 5.858650826512890042e-02 1.000000000000000000e+00
-6.727184059239592173e+00 5.494477243685224721e+00 0.000000000000000000e+00
-5.220429803289732718e+00 8.559422874859334840e-03 1.000000000000000000e+00
-7.723725030979504247e+00 7.672813325297012099e+00 0.000000000000000000e+00
-4.617392645188357569e+00 1.604806840660855993e+00 1.000000000000000000e+00
-7.492886888435806192e+00 3.697273564727844963e+00 0.000000000000000000e+00
-4.925637659066334884e+00 1.434600908715753631e+00 1.000000000000000000e+00
-7.110253005666130832e+00 4.136790730314893416e+00 0.000000000000000000e+00
-3.979521746157783646e+00 3.434693112870245146e-01 1.000000000000000000e+00
-3.622326523397050302e+00 2.537341334809300797e+00 1.000000000000000000e+00
-6.761997782967995363e+00 5.665914910421331108e+00 0.000000000000000000e+00
-5.017776366629870033e+00 9.575382551554508792e-01 1.000000000000000000e+00
-6.420817239193098658e+00 5.483667258841088632e+00 0.000000000000000000e+00
-1.646160449015225069e+00 3.042260164833086034e-01 1.000000000000000000e+00
-6.348322868556603993e+00 2.846307759632319634e+00 1.000000000000000000e+00
-4.368830651757419581e+00 -4.228824463658009680e-01 1.000000000000000000e+00
-6.987398417034007103e+00 5.443050448221840476e+00 0.000000000000000000e+00
-3.896401354870482781e+00 2.729344434477994352e-01 1.000000000000000000e+00
-4.017676163297783098e+00 1.145560700407599608e+00 1.000000000000000000e+00
-5.976079360180717615e+00 4.548253062116071277e+00 0.000000000000000000e+00
-8.200409373306557725e+00 4.440321475770820037e+00 0.000000000000000000e+00
-3.731283426018320970e+00 -7.664349376516179646e-01 1.000000000000000000e+00
-3.440158167518907462e+00 4.469876923728286489e-01 1.000000000000000000e+00
-6.393560223333138559e+00 4.773011150706054195e+00 0.000000000000000000e+00
-7.317968639587843604e+00 5.810353851706414829e+00 0.000000000000000000e+00
-7.671918520310211598e+00 5.452676420193194318e+00 0.000000000000000000e+00
-7.650687736425901164e+00 4.067006882431948966e+00 0.000000000000000000e+00
-3.930004397918076986e+00 -1.633924469040328731e-01 1.000000000000000000e+00
-5.188931851644082549e+00 -6.978139061863259940e-01 1.000000000000000000e+00
-3.900320082527902965e+00 1.035236959412677571e+00 1.000000000000000000e+00
-6.947275297291959362e+00 4.110296008841882731e+00 0.000000000000000000e+00
-4.221824016180624639e+00 1.582587482516009114e-01 1.000000000000000000e+00
-8.158903425095838102e+00 5.832922036258368692e+00 0.000000000000000000e+00
-5.113207045889453184e+00 -7.789700355701918433e-01 1.000000000000000000e+00
-5.694236864831958123e+00 2.028168367853540488e+00 1.000000000000000000e+00
-4.457444043368498754e+00 7.383720382931084902e-01 1.000000000000000000e+00
-6.401807518285042242e+00 6.100332230302852210e+00 0.000000000000000000e+00
-5.904227675429379651e+00 3.887124783602227129e+00 0.000000000000000000e+00
-3.418988268868475622e+00 3.165067354627851826e-01 1.000000000000000000e+00
-4.705951060841301548e+00 -5.145597405672013291e-01 1.000000000000000000e+00
-5.702537976269361764e+00 3.938669027590337546e+00 0.000000000000000000e+00
-8.598499662801680543e+00 3.012899679245937268e+00 0.000000000000000000e+00
-6.157447178044272107e+00 4.462553543269359047e+00 0.000000000000000000e+00
-4.318061240099118514e+00 -1.448171701809342959e+00 1.000000000000000000e+00
-7.066842855784274846e+00 3.093821807677087143e+00 0.000000000000000000e+00
-4.907851354307740444e+00 1.056467819160689325e+00 1.000000000000000000e+00
-4.959466045785484667e+00 8.675983591091125380e-01 1.000000000000000000e+00
-7.365776770667063822e+00 5.463418984381628540e+00 0.000000000000000000e+00
-6.379679795064173931e+00 4.132150511505041202e+00 0.000000000000000000e+00
-6.347452774696014544e+00 5.346897603245984065e+00 0.000000000000000000e+00
-3.758865896411823559e+00 9.903339610044391561e-01 1.000000000000000000e+00
-4.256055645281104027e+00 8.182309073041831304e-01 1.000000000000000000e+00
-2.056655379486534319e+00 -1.338122338700907799e-01 1.000000000000000000e+00
-5.855023586990415474e+00 4.213785635124919438e+00 0.000000000000000000e+00
-4.448271480237250053e+00 8.866493430334672077e-01 1.000000000000000000e+00
-5.646884162085529013e+00 4.951513305396148645e+00 0.000000000000000000e+00
-5.840003164925604118e+00 5.258684468334409168e+00 0.000000000000000000e+00
-7.031663093196307557e+00 7.042811724703328835e+00 0.000000000000000000e+00
-6.585350340549216419e+00 5.122060521768237784e+00 0.000000000000000000e+00
-4.988431219973992192e+00 1.928785981321234244e+00 1.000000000000000000e+00
-5.684233487258095074e+00 4.613386115324047410e+00 0.000000000000000000e+00
-3.377541656184893881e+00 -4.091750920005587933e-01 1.000000000000000000e+00
-5.406556979261697649e+00 6.182697636345513281e-01 1.000000000000000000e+00
-5.585161697389558810e+00 6.003054547439051092e+00 0.000000000000000000e+00
-5.515842581231084729e+00 1.780610982032729828e+00 1.000000000000000000e+00
-6.297185504430447445e+00 4.098604629578196601e+00 0.000000000000000000e+00
-4.483412461022205697e+00 -1.755914365355578655e-01 1.000000000000000000e+00
-8.015205466104191601e+00 4.903569092006505592e+00 0.000000000000000000e+00
-7.805383166836116438e+00 1.090314479832684480e+00 0.000000000000000000e+00
-6.658960262583088152e+00 4.590994326747982690e+00 0.000000000000000000e+00
-8.049212003008113570e+00 5.075284933313476188e+00 0.000000000000000000e+00
-6.409428523737514816e+00 3.614330675610401666e+00 0.000000000000000000e+00
-5.095136003149846715e+00 1.483570348136758810e+00 1.000000000000000000e+00
-6.701006793449105992e+00 4.069157312407786442e+00 0.000000000000000000e+00
-5.735523798456215516e+00 5.605856739377649056e+00 0.000000000000000000e+00
-6.353131706891868014e+00 1.318645967441784084e+00 1.000000000000000000e+00
-5.062221984535072217e+00 -6.104998707729925034e-02 1.000000000000000000e+00
-4.230185621167363408e+00 2.100134860524707769e-01 1.000000000000000000e+00
-8.672547668552851974e+00 5.717389997327567919e+00 0.000000000000000000e+00
-3.922898960813017588e+00 1.847886494298538462e+00 1.000000000000000000e+00
-6.032122823241124365e+00 7.937428533666379682e-01 1.000000000000000000e+00
-6.738993287188041137e+00 4.832999950851924353e+00 0.000000000000000000e+00
-6.884241069191459950e+00 4.902265448052093078e+00 0.000000000000000000e+00
-5.638229383280719098e+00 4.501725356795791555e+00 0.000000000000000000e+00
-5.058585206429167869e+00 3.407603111776844163e+00 1.000000000000000000e+00
-7.484747021647517151e+00 4.952196290696380565e+00 0.000000000000000000e+00
-7.649372251315265991e+00 5.643735323454389885e+00 0.000000000000000000e+00
-5.050297439138844879e+00 1.931600222001552014e+00 1.000000000000000000e+00
-7.689966142044708519e+00 4.903020578750103553e+00 0.000000000000000000e+00
-4.528405745209767019e+00 -2.215127776630830825e-01 1.000000000000000000e+00
-4.696952650586085021e+00 2.322427959378236539e-01 1.000000000000000000e+00
-5.947540889044894641e+00 2.964808196559901021e-01 1.000000000000000000e+00
-5.057126181868812687e+00 5.567702368022972026e-01 1.000000000000000000e+00
-5.615645085254882929e+00 3.440796816254367840e+00 1.000000000000000000e+00
-4.690528698208172642e+00 1.853796772948649974e+00 1.000000000000000000e+00
-8.922849758509462603e+00 5.114076613793844039e+00 0.000000000000000000e+00
-5.855306095147629009e+00 -5.979560205256631011e-01 1.000000000000000000e+00
-7.657363781560130533e+00 5.481160321656791012e+00 0.000000000000000000e+00
-7.559213062808704642e+00 5.021301575753005508e+00 0.000000000000000000e+00
-5.973167761885743943e+00 5.158638155777396150e+00 0.000000000000000000e+00
-8.019415092019446689e+00 4.018711489505907508e+00 0.000000000000000000e+00
-5.932478915796050245e+00 3.826176280982332312e+00 0.000000000000000000e+00
-8.073190639929146428e+00 5.211539216247436990e+00 0.000000000000000000e+00
-5.813200674657990064e+00 -2.227019312994770850e+00 1.000000000000000000e+00
-7.488559882688926805e+00 4.197694815566105575e+00 0.000000000000000000e+00
-5.806064430805760068e+00 9.419181668038518751e-01 1.000000000000000000e+00
-7.453116260947483696e+00 5.691359159463186046e+00 0.000000000000000000e+00
-6.584279453323206965e+00 5.369145365748972942e+00 0.000000000000000000e+00
-5.141483477124790369e+00 1.081620818944590390e+00 1.000000000000000000e+00
-5.890095676706533112e+00 2.351750437307692732e+00 1.000000000000000000e+00
-6.019967135397490843e+00 6.117301061882347568e+00 0.000000000000000000e+00
-5.027593915982171424e+00 6.534832810507464451e+00 0.000000000000000000e+00
-2.970694205717520298e+00 -4.059725502415467702e-01 1.000000000000000000e+00
-5.017228108133637399e+00 1.132155178119109706e-01 1.000000000000000000e+00
-5.600109518691834154e+00 -4.289478650906937141e-01 1.000000000000000000e+00
-4.170304822366988518e+00 3.692016960627804156e-01 1.000000000000000000e+00
-7.109895998913186688e+00 4.975791406367640057e+00 0.000000000000000000e+00
-5.935753964625720691e+00 5.437809254492412592e+00 0.000000000000000000e+00
-5.797247686463133931e+00 -2.626870716213661749e-01 1.000000000000000000e+00
-4.847293078497345142e+00 3.870588695665483137e+00 0.000000000000000000e+00
-5.956778263087555203e+00 3.633193561904072943e+00 0.000000000000000000e+00
-7.174427470244639338e+00 3.605042644785330985e+00 0.000000000000000000e+00
-7.680273639660420315e+00 5.050197139858831008e+00 0.000000000000000000e+00
-4.784907013749394977e+00 4.697295683826323121e+00 0.000000000000000000e+00
-7.841801970685138734e+00 4.944157475934956025e+00 0.000000000000000000e+00
-5.509015388686010262e+00 3.113297599261028559e+00 0.000000000000000000e+00
-5.987146616796223952e+00 4.284679948313966591e+00 0.000000000000000000e+00
-2.645007041595950792e+00 4.343500829607271907e-02 1.000000000000000000e+00
-4.320036132936811768e+00 1.325382122883332014e+00 1.000000000000000000e+00
-7.133179678405486612e+00 2.372093447863178106e+00 0.000000000000000000e+00
-6.072424997114215905e+00 1.297902356804867985e+00 1.000000000000000000e+00
-4.500454318535009435e+00 1.869360956604990243e+00 1.000000000000000000e+00
-6.536629566610630881e+00 3.844320898400709563e+00 0.000000000000000000e+00
-6.833780987252744410e+00 2.772212431871108329e+00 0.000000000000000000e+00
-5.322661037449598176e+00 6.840860341929626109e+00 0.000000000000000000e+00
-4.504566545058895422e+00 2.025051289461679005e+00 1.000000000000000000e+00
-5.380963932502156766e+00 -5.171871901639641944e-01 1.000000000000000000e+00
-6.197409412954533181e+00 5.007167410182659095e-01 1.000000000000000000e+00
-5.766109771224583902e+00 2.272378352682000724e+00 1.000000000000000000e+00
-7.737204558492232209e+00 4.943258074370897148e+00 0.000000000000000000e+00
-6.540506208702287161e+00 5.141644921071385710e+00 0.000000000000000000e+00
-4.440063477465831632e+00 7.903941156947742464e-01 1.000000000000000000e+00
-7.000192355230999475e+00 5.478800033226915112e+00 0.000000000000000000e+00
-4.550269811626180605e+00 7.518294105769367519e-01 1.000000000000000000e+00
-6.518035051117313294e+00 6.994444638888491994e+00 0.000000000000000000e+00
-3.533334789470797155e+00 2.208093452308284022e+00 1.000000000000000000e+00
-4.808625116485863771e+00 5.834484829130796024e-01 1.000000000000000000e+00
-5.894426626861131169e+00 2.798694287444494666e+00 1.000000000000000000e+00
-5.995079206029882535e+00 1.988220648383588252e+00 1.000000000000000000e+00
-8.703636463621727160e+00 6.213023474491794929e+00 0.000000000000000000e+00
-4.434940671681446567e+00 2.949187307292759908e-01 1.000000000000000000e+00
-7.116070491680686061e+00 5.058766515773153394e+00 0.000000000000000000e+00
-7.078266365146085981e+00 5.847260463151573440e+00 0.000000000000000000e+00
-7.605621844851920166e+00 5.603624380555512374e+00 0.000000000000000000e+00
-4.558243821911298177e+00 1.036185704986103184e+00 1.000000000000000000e+00
-6.151313017139258932e+00 4.772479052766756880e+00 0.000000000000000000e+00
-4.965147847556973915e+00 7.228032201236258558e-01 1.000000000000000000e+00
-6.430305587191100791e+00 3.587467740470601463e+00 0.000000000000000000e+00
-5.279837038267062965e+00 9.222497101649782536e-01 1.000000000000000000e+00
-9.135278097437954159e+00 4.153563150142497662e+00 0.000000000000000000e+00
-2.851145716436159105e+00 -5.437499303153177088e-01 1.000000000000000000e+00
-3.402029436789014483e+00 3.026433966137658693e+00 1.000000000000000000e+00
-3.752592440877569491e+00 1.278222326656058616e+00 1.000000000000000000e+00
-6.032903502211677704e+00 -8.012663497188452499e-01 1.000000000000000000e+00
-6.937666855826494228e+00 3.617135372978286245e+00 0.000000000000000000e+00
-4.782464352767241245e+00 1.104433955612750040e+00 1.000000000000000000e+00
-6.846122863187374286e+00 5.265798237723454678e-01 1.000000000000000000e+00
-3.941735430716192923e+00 2.267447040129953462e-01 1.000000000000000000e+00
-5.790466672873961329e+00 4.418689763871766374e+00 0.000000000000000000e+00
-6.101652339896093125e+00 4.314878540886602387e+00 0.000000000000000000e+00
-6.022282391761379472e+00 5.268017716439544529e+00 0.000000000000000000e+00
-6.800367007493186122e+00 5.428843821497141953e+00 0.000000000000000000e+00
-5.641148395106156066e+00 1.026283321549969374e+00 1.000000000000000000e+00
-5.393901390202140433e+00 6.262876361554140736e+00 0.000000000000000000e+00
-4.576414569103905094e+00 -2.826175171354420312e-01 1.000000000000000000e+00
-8.071193069113704155e+00 3.337574296286403008e+00 0.000000000000000000e+00
-5.346903939443246045e+00 6.322657442264354444e+00 0.000000000000000000e+00
-6.114792356441815180e+00 4.571266573983106873e+00 0.000000000000000000e+00
-5.103429576574067816e+00 -1.223309493201335529e-01 1.000000000000000000e+00
-4.856536120898018893e+00 1.154574700624625416e+00 1.000000000000000000e+00
-4.433969048130887103e+00 4.119602851609428518e-01 1.000000000000000000e+00
-7.908998965728273767e+00 4.852975467671881482e+00 0.000000000000000000e+00
-6.224633294358662639e+00 1.306241292346741911e+00 1.000000000000000000e+00
-8.805972933381251977e+00 5.952708808617783731e+00 0.000000000000000000e+00
-5.687448065912326989e+00 5.580544051620240253e+00 0.000000000000000000e+00
-3.507628444159584191e+00 5.117453717353122045e-01 1.000000000000000000e+00
-6.397153557182307715e+00 4.091500574691819381e+00 0.000000000000000000e+00
-4.089360643287575314e+00 1.424332943230902204e+00 1.000000000000000000e+00
-7.823725402626400260e+00 5.413947206554268199e+00 0.000000000000000000e+00
-5.872512260447003030e+00 4.273742608010237198e+00 0.000000000000000000e+00
-5.351329416152806218e+00 2.921888888316573896e-01 1.000000000000000000e+00
-3.983905936172119411e+00 1.409371762543228268e+00 1.000000000000000000e+00
-5.665028315137154102e+00 4.428132883682072141e-01 1.000000000000000000e+00
-5.672338664023528487e+00 2.988915630260010392e+00 1.000000000000000000e+00
-7.100259738936827603e+00 6.483371226421714262e+00 0.000000000000000000e+00
-5.527549288847532161e+00 1.400537423201362319e+00 1.000000000000000000e+00
-5.080838440242255949e+00 3.444664748295756418e+00 0.000000000000000000e+00
-5.191710937129210279e+00 1.961435259568500511e+00 1.000000000000000000e+00
-4.377785401589031622e+00 1.690981113327649110e+00 1.000000000000000000e+00
-5.383373499057960920e+00 1.227491883274884010e+00 1.000000000000000000e+00
-7.754640750209974343e+00 4.008091680930268019e+00 0.000000000000000000e+00
-5.113258770189792024e+00 1.837341452466401570e+00 1.000000000000000000e+00
-3.573488484285543443e+00 -4.253708375484750448e-01 1.000000000000000000e+00
-5.491704389538996978e+00 8.707341728847222129e-01 1.000000000000000000e+00
-7.569077422667140453e+00 3.624030423878549012e+00 0.000000000000000000e+00
-4.889600992813161184e+00 8.825835911642399001e-01 1.000000000000000000e+00
-5.685225883066848951e+00 1.245575804289511090e+00 1.000000000000000000e+00
-5.047195885705539453e+00 5.458543255183607723e-01 1.000000000000000000e+00
-7.923419439894022531e+00 4.851015690132721936e+00 0.000000000000000000e+00
-6.179071668268764306e+00 3.500842482399937339e+00 0.000000000000000000e+00
-8.036784256960590511e+00 5.690088540434532050e+00 0.000000000000000000e+00
-7.507233472045143685e+00 5.288871198231500870e+00 0.000000000000000000e+00
-4.309249775707714392e+00 4.733241955376533916e+00 0.000000000000000000e+00
-7.735161237798599210e+00 4.623694284685902822e+00 0.000000000000000000e+00
-5.277099147224306286e+00 1.284799330410312468e+00 1.000000000000000000e+00
-5.655878884049462485e+00 -5.534826131399508409e-01 1.000000000000000000e+00
-2.865456195261501637e+00 7.879271583466374018e-02 1.000000000000000000e+00
-3.886885786857551928e+00 3.928984729445753610e-01 1.000000000000000000e+00
-4.990268992448901209e+00 3.433727507027632964e-01 1.000000000000000000e+00
-5.887736673311659175e+00 2.233841909083271182e-01 1.000000000000000000e+00
-5.612605291182521050e+00 9.686109616175995196e-01 1.000000000000000000e+00
-6.922542851152418741e+00 6.137006937581832133e+00 0.000000000000000000e+00
-6.667572197030914971e+00 6.105446795851149133e+00 0.000000000000000000e+00
-5.055673098695648626e+00 7.679974759133242346e-01 1.000000000000000000e+00
-7.913946989831228684e+00 4.087137642701382134e+00 0.000000000000000000e+00
-4.158197632826458268e+00 -7.775504076738097847e-01 1.000000000000000000e+00
-5.292134072538285494e+00 4.680328392979989260e+00 0.000000000000000000e+00
-6.682740345366386059e+00 1.022462021916862973e+00 1.000000000000000000e+00
-7.743996912694617762e+00 5.897651025172061523e+00 0.000000000000000000e+00
-8.649862596217502642e+00 5.111320831526133368e+00 0.000000000000000000e+00
-7.668703061660658626e+00 5.032134654147712993e+00 0.000000000000000000e+00
-7.825021369885432065e+00 5.541598659934973803e+00 0.000000000000000000e+00
-5.340728888270897201e+00 3.653773129464609859e+00 1.000000000000000000e+00
-7.400774584665949618e+00 3.287906670413430987e+00 0.000000000000000000e+00
-7.726413413371846950e+00 5.301489037426770246e+00 0.000000000000000000e+00
-7.445147473220914414e+00 4.761784755479348874e+00 0.000000000000000000e+00
-6.271168396379377619e+00 4.642732850234472686e+00 0.000000000000000000e+00
-8.076732845839863728e+00 6.464705185218572403e+00 0.000000000000000000e+00
-5.163376145567612596e+00 -2.880259646407418161e-01 1.000000000000000000e+00
-7.415134246133014528e+00 5.726361250626585964e-01 1.000000000000000000e+00
-4.870421915047430161e+00 -2.546501792070234860e-01 1.000000000000000000e+00
-6.218752456970763731e+00 -6.506949467013272148e-01 1.000000000000000000e+00
-3.958264668534707820e+00 -1.779241597773131289e+00 1.000000000000000000e+00
-5.607204507468827259e+00 4.013595019384949225e+00 0.000000000000000000e+00
-5.957807782346243641e+00 -4.745194208890568532e-01 1.000000000000000000e+00
-5.401602558086319839e+00 3.677084548009887044e+00 0.000000000000000000e+00
-5.784290911977118199e+00 1.123913318202437450e-01 1.000000000000000000e+00
-4.350324610060121167e+00 5.196417259749890327e-01 1.000000000000000000e+00
-4.592062128422646161e+00 -9.210565748818611009e-01 1.000000000000000000e+00
-3.837669502339690730e+00 3.397399718624988241e-01 1.000000000000000000e+00
-7.630739545394389367e+00 4.610885822871594542e+00 0.000000000000000000e+00
-5.841275735953836978e+00 1.249838307761563794e-02 1.000000000000000000e+00
-6.880648753746775981e+00 5.773707214898595730e+00 0.000000000000000000e+00
-4.987894163716758200e+00 4.810619944225257072e+00 0.000000000000000000e+00
-6.249242094643684631e+00 4.847396566393297412e+00 0.000000000000000000e+00
-3.557745823943803565e+00 3.088854417784468787e+00 1.000000000000000000e+00
-7.439937703268588720e+00 4.486809822232266320e+00 0.000000000000000000e+00
-5.222572767843923103e+00 -1.870061955118338393e+00 1.000000000000000000e+00
-6.600858072530903620e+00 4.583625775095717003e+00 0.000000000000000000e+00
-3.813722739328544442e+00 -1.597741263473201334e-01 1.000000000000000000e+00
-7.088169602207285536e+00 5.875045070137089098e+00 0.000000000000000000e+00
-4.321910656173297838e+00 1.968271711504015364e+00 1.000000000000000000e+00
-5.828767505319520481e+00 -7.123224906926390876e-01 1.000000000000000000e+00
-7.513893746305558174e+00 2.413436269177053450e+00 0.000000000000000000e+00
-3.956154617010784413e+00 8.788068352653225501e-01 1.000000000000000000e+00
-4.636600255583354979e+00 1.218719623992750911e+00 1.000000000000000000e+00
-6.782169924347853929e+00 4.969891698947700220e+00 0.000000000000000000e+00
-5.331042967520597031e+00 3.546520002804159910e-01 1.000000000000000000e+00
-4.084860570334486241e+00 9.846314823215083223e-01 1.000000000000000000e+00
-7.904133627904350590e+00 5.199268222605651246e+00 0.000000000000000000e+00
-5.527063075456487340e+00 6.442916421392121507e+00 0.000000000000000000e+00
-6.593618301795281411e+00 5.042960860516197741e+00 0.000000000000000000e+00
-6.208580682132389228e+00 4.395911005041555519e+00 0.000000000000000000e+00
-4.582633609054809654e+00 1.560213579199461353e+00 1.000000000000000000e+00
-8.071103387623240977e+00 2.587660450911272392e+00 0.000000000000000000e+00
-5.428202873777895121e+00 4.099144924961075631e-01 1.000000000000000000e+00
-3.514638575419872346e+00 1.610812275348530775e+00 1.000000000000000000e+00
-6.044838104723320171e+00 5.253492760193116951e+00 0.000000000000000000e+00
-4.707101554826812695e+00 2.501362052278585102e-01 1.000000000000000000e+00
-6.994059438526040395e+00 3.889167596099083912e+00 0.000000000000000000e+00
-5.119472704727304979e+00 3.504859105601212388e-01 1.000000000000000000e+00
-7.645543881175386858e+00 3.597089813401628255e+00 0.000000000000000000e+00
-3.963698786465478019e+00 1.049621987939109768e+00 1.000000000000000000e+00
-5.013261082824846504e+00 1.394825244880674830e+00 1.000000000000000000e+00
-5.499978076085714207e+00 7.817634348691056001e-01 1.000000000000000000e+00
-7.264553267731933772e+00 6.082492560499872525e+00 0.000000000000000000e+00
-5.647323572944716652e+00 6.556818680150887646e-01 1.000000000000000000e+00
-6.094186108396826285e+00 4.349569762083566604e-01 1.000000000000000000e+00
-7.631363442052821355e+00 3.339966350751361723e+00 0.000000000000000000e+00
-4.716912532238731082e+00 3.891587207995908404e+00 0.000000000000000000e+00
-7.550113450513229907e+00 5.388207297957876563e+00 0.000000000000000000e+00
-5.563338172792656522e+00 -3.238348019751743356e-01 1.000000000000000000e+00
-8.755852460012198080e+00 4.864772658789532578e+00 0.000000000000000000e+00
-6.521158121281071196e+00 4.624500818821174697e+00 0.000000000000000000e+00
-6.911616074274280486e+00 4.680766260151903779e+00 0.000000000000000000e+00
-3.778459025110251002e+00 1.145809732462029107e+00 1.000000000000000000e+00
-4.217735098441631081e+00 9.494110884292786823e-01 1.000000000000000000e+00
-5.763340178977117034e+00 5.232732583731557696e+00 0.000000000000000000e+00
-8.944096726918829177e+00 4.031407980943026104e+00 0.000000000000000000e+00
-7.485789747616093059e+00 4.699815410880948008e+00 0.000000000000000000e+00
-5.027014150025253869e+00 2.328400268980412413e+00 1.000000000000000000e+00
-3.743274111642120427e+00 -2.167386548504250943e-01 1.000000000000000000e+00
-8.223360090657928723e+00 5.266618887264806759e+00 0.000000000000000000e+00
-5.042148050062428055e+00 1.014873247550957425e+00 1.000000000000000000e+00
-5.674787724353099527e+00 -1.636892670682320583e-01 1.000000000000000000e+00
-7.283481307320947451e+00 5.366991792322256316e+00 0.000000000000000000e+00
-4.374769435748818047e+00 -1.698807325473031593e+00 1.000000000000000000e+00
-6.988797941015701731e+00 5.310244230375159802e+00 0.000000000000000000e+00
-4.957445165521848551e+00 -9.959919069672313885e-01 1.000000000000000000e+00
-3.571712606747845520e+00 1.535895372685642579e+00 1.000000000000000000e+00
-8.251667835353519109e+00 4.922822605111774941e+00 0.000000000000000000e+00
-6.606534152231743562e+00 6.012863574137983669e+00 0.000000000000000000e+00
-4.890315608642663570e+00 6.697838836284120134e-02 1.000000000000000000e+00
-6.838227094040603582e+00 3.963748790022729729e+00 0.000000000000000000e+00
-3.345410143742962639e+00 4.932057123591743197e-01 1.000000000000000000e+00
-3.783635022559009187e+00 -1.272806485942223897e-02 1.000000000000000000e+00
-4.967145966487021447e+00 4.514469366731648226e-01 1.000000000000000000e+00
-4.761443543228065955e+00 2.937430567560572747e-03 1.000000000000000000e+00
-5.179359200821576970e+00 6.741758691640761247e-01 1.000000000000000000e+00
-4.238274835888087289e+00 1.070309746300712073e+00 1.000000000000000000e+00
-6.585350133429765052e+00 3.728179167436732389e+00 0.000000000000000000e+00
-5.339752702906737980e+00 -2.954251268066985237e-01 1.000000000000000000e+00
-4.361720952902629733e+00 1.197932566862744075e+00 1.000000000000000000e+00
-5.391646744426361160e+00 1.018837524345430623e-01 1.000000000000000000e+00
-4.641789513096682640e+00 2.584340416454313782e-01 1.000000000000000000e+00
-8.096444331225093549e+00 3.586189885806940758e+00 0.000000000000000000e+00
-7.127698738188403382e+00 4.444469792555806542e+00 0.000000000000000000e+00
-3.749185432401804796e+00 8.022544201004417896e-01 1.000000000000000000e+00
-3.856519770508305189e+00 -4.117841079660276016e-01 1.000000000000000000e+00
-7.980264260069930948e+00 5.600352322640919311e+00 0.000000000000000000e+00
-3.271251605497189630e+00 1.720510377456827555e+00 1.000000000000000000e+00
-5.320681841548674740e+00 5.229616643118693453e+00 0.000000000000000000e+00
-2.744187362898762306e+00 1.595550992764532827e+00 1.000000000000000000e+00
-5.717646772612809514e+00 2.022706278855862738e+00 1.000000000000000000e+00
-3.063804287959916550e+00 2.186697778551470961e+00 1.000000000000000000e+00
-8.099343817747101326e+00 4.220534691016363027e+00 0.000000000000000000e+00
-7.071136171934158554e+00 6.290943541388132942e+00 0.000000000000000000e+00
-4.521145539781398881e+00 1.809959704537698277e+00 1.000000000000000000e+00
-6.729948296881839376e+00 -9.686799739120073305e-01 1.000000000000000000e+00
-3.884834848728363266e+00 5.522520155073400439e-01 1.000000000000000000e+00
-6.180831041653755520e+00 5.235312679408758996e+00 0.000000000000000000e+00
-7.862699950963558670e+00 3.838604348560427315e+00 0.000000000000000000e+00
-6.087986011625989846e+00 6.315179499059648371e+00 0.000000000000000000e+00
-3.225290071173449125e+00 -3.189767252266191289e-01 1.000000000000000000e+00
-3.295315702915841527e+00 7.357650339786656613e-01 1.000000000000000000e+00
-4.154287989268230064e+00 -2.287181078511775212e-01 1.000000000000000000e+00
-5.780194573124453505e+00 4.717350327225614315e+00 0.000000000000000000e+00
-5.707316404736223703e+00 2.408019717523973924e+00 1.000000000000000000e+00
-8.855072610610601913e+00 5.753339791560741823e+00 0.000000000000000000e+00
-3.489163126170002016e+00 -7.143716012914482771e-01 1.000000000000000000e+00
-8.124454529491858423e+00 5.159798002974278930e+00 0.000000000000000000e+00
-7.549955432174512815e+00 4.150135526969196853e+00 0.000000000000000000e+00
-4.597094354903909164e+00 1.216810323010021122e+00 1.000000000000000000e+00
-6.052234142805200001e+00 8.546317261587761394e-01 1.000000000000000000e+00
-3.565578807621108126e+00 -1.219846180970930893e+00 1.000000000000000000e+00
-6.871606483995885917e+00 5.664254577293466930e+00 0.000000000000000000e+00
-5.665750456010779423e+00 6.491963349279635809e-01 1.000000000000000000e+00
-7.428106757968195417e+00 4.108154506141754148e+00 0.000000000000000000e+00
-3.940328395327051147e+00 2.686880782198953099e+00 1.000000000000000000e+00
-6.103552349031706292e+00 4.856485879014138973e+00 0.000000000000000000e+00
-3.302895795772835541e+00 7.927426271833122318e-01 1.000000000000000000e+00
-4.799959817746151103e+00 1.201465983432446372e+00 1.000000000000000000e+00
-5.456920996404013735e+00 1.581453176727379617e+00 1.000000000000000000e+00
-4.728521787540858945e+00 1.215158765107652972e+00 1.000000000000000000e+00
-3.210150752440465993e+00 -8.770668488018715792e-01 1.000000000000000000e+00
-4.851599313350591025e+00 3.260212258113355244e-01 1.000000000000000000e+00
-7.799387672947919903e+00 5.247975168251280742e+00 0.000000000000000000e+00
-6.248136130889194284e+00 1.495888723219890304e-01 1.000000000000000000e+00
-3.985289882745813195e+00 6.852627097840819914e-01 1.000000000000000000e+00
-4.962186254559540544e+00 -1.602512084727065744e-01 1.000000000000000000e+00
-7.170647230498438773e+00 4.874246004912037300e+00 0.000000000000000000e+00
-5.625924460229256852e+00 5.256245133400623715e+00 0.000000000000000000e+00
-6.086525248720715098e+00 4.559358122193483354e+00 0.000000000000000000e+00
-6.940861753543626556e+00 5.366454031022190208e+00 0.000000000000000000e+00
-8.518657509942391570e+00 5.540759444193736449e+00 0.000000000000000000e+00
-5.988098960999930220e+00 1.729268676847449893e+00 1.000000000000000000e+00
-6.900808609756972523e+00 4.720950467941571915e+00 0.000000000000000000e+00
-5.579251784250494950e+00 2.195997518782072611e+00 0.000000000000000000e+00
-6.577732784964986479e+00 4.856755149979641750e+00 0.000000000000000000e+00
-5.273137658640250969e+00 1.945469694125477322e-01 1.000000000000000000e+00
-5.821023286911205297e+00 4.771291296600004728e+00 0.000000000000000000e+00
-3.347557970497023305e+00 8.492276895312622642e-02 1.000000000000000000e+00
-4.629637001543739139e+00 3.316001573695508964e-01 1.000000000000000000e+00
-5.613011169443085535e+00 1.266283203892367482e+00 1.000000000000000000e+00
-5.361585491972560291e+00 1.975729616515178533e+00 1.000000000000000000e+00
-8.473057522554389820e+00 4.107678677614400975e+00 0.000000000000000000e+00
-4.841605713178052994e+00 1.257984689088327057e+00 1.000000000000000000e+00
-5.471956245691592002e+00 1.834478251745713440e+00 1.000000000000000000e+00
-5.537030645703719500e+00 -8.226882864124294148e-01 1.000000000000000000e+00
-6.703307417403083335e+00 6.394307909127463496e-01 1.000000000000000000e+00
-6.644352111757998003e+00 3.831817431655854200e+00 0.000000000000000000e+00
-5.050318053682162578e+00 7.227863317484575223e-01 1.000000000000000000e+00
-3.933311825637666459e+00 5.866932054349551784e-01 1.000000000000000000e+00
-6.793981523650047372e+00 6.490286024088367967e+00 0.000000000000000000e+00
-6.263974612069098669e+00 4.156527078848939460e+00 0.000000000000000000e+00
-6.138810034683056749e+00 8.522931207854964608e-01 1.000000000000000000e+00
-5.550890238356491757e+00 6.033038804145624212e+00 0.000000000000000000e+00
-4.424741272651353086e+00 -6.503088752513648263e-01 1.000000000000000000e+00
-5.665626201184032595e+00 6.063784579765460592e+00 0.000000000000000000e+00
-5.711009340639721543e+00 3.154416102390181775e-01 1.000000000000000000e+00
-4.498478009439306646e+00 -1.562578662881979330e-01 1.000000000000000000e+00
-8.055024805121302478e+00 5.858636216704721456e+00 0.000000000000000000e+00
-3.888952938475707999e+00 2.606169025141101603e+00 1.000000000000000000e+00
-5.270201111948122019e+00 3.789582842186382194e+00 0.000000000000000000e+00
-4.446959020055525791e+00 2.034026178581521682e-01 1.000000000000000000e+00
-4.138280724853358628e+00 -1.006840755524807118e-01 1.000000000000000000e+00
-4.171412338765914996e+00 4.124576985369292625e-01 1.000000000000000000e+00
-6.320834541908145532e+00 2.765131894017887504e+00 0.000000000000000000e+00
-7.171687935646596124e+00 6.190620453114672017e+00 0.000000000000000000e+00
-7.254338402456588675e+00 4.215725652300688076e+00 0.000000000000000000e+00
-2.932206573929909688e+00 1.654034730521027008e+00 1.000000000000000000e+00
-5.051282506365113001e+00 1.552134807368235281e+00 1.000000000000000000e+00
-6.626779755943499772e+00 4.556350764907814543e+00 0.000000000000000000e+00
-6.167201086334786808e+00 1.600973784310722792e+00 1.000000000000000000e+00
-7.755912575976295464e+00 3.616608525164055621e+00 0.000000000000000000e+00
-4.957919922795362311e+00 1.275815783319361074e+00 1.000000000000000000e+00
-7.294106284664673368e+00 6.088392547023124379e+00 0.000000000000000000e+00
-5.000220687310376277e+00 4.174424608947298609e-01 1.000000000000000000e+00
-2.515339674312195850e+00 8.679281071926492341e-02 1.000000000000000000e+00
-4.983527588043316747e+00 3.738899218876694519e+00 0.000000000000000000e+00
-5.870484469345261580e+00 -1.286846671836909817e+00 1.000000000000000000e+00
-7.549313966306394619e+00 6.214618066843699218e+00 0.000000000000000000e+00
-7.527449312108466906e+00 5.767338373223076964e+00 0.000000000000000000e+00
-6.138628870584262209e+00 -3.545985011831864764e-01 1.000000000000000000e+00
-3.322247528700861707e+00 1.577829538696865042e+00 1.000000000000000000e+00
-6.157389402852360583e+00 3.618336607185783094e-01 1.000000000000000000e+00
-4.959297375859600621e+00 1.028620692931711433e+00 1.000000000000000000e+00
-7.538302754323833454e+00 5.147604330999671518e+00 0.000000000000000000e+00
-6.253759145223598992e+00 3.896085198977873532e+00 0.000000000000000000e+00
-5.033396076164295962e+00 -9.298058856884916512e-02 1.000000000000000000e+00
-3.981200328288122758e+00 7.285795405870563179e-01 1.000000000000000000e+00
-6.787292599422582562e+00 3.774292470431331203e+00 0.000000000000000000e+00
-7.453224416319082835e+00 4.998914446622327645e+00 0.000000000000000000e+00
-3.803503244676002204e+00 2.055427958829643575e+00 1.000000000000000000e+00
-3.802969611075875278e+00 6.384811220974643264e-01 1.000000000000000000e+00
-6.670151555787149356e+00 4.919136278022219422e+00 0.000000000000000000e+00
-5.092249668917673056e+00 2.095054353427290295e-01 1.000000000000000000e+00
-6.540264198519762040e+00 4.607656390953117409e+00 0.000000000000000000e+00
-4.255065163017274443e+00 5.878755007075482375e-01 1.000000000000000000e+00
-6.414870848627518995e+00 4.939840107464329222e+00 0.000000000000000000e+00
-6.866220325881182696e+00 4.657656515759140525e+00 0.000000000000000000e+00
-6.544815291363176968e+00 6.225784804627777724e+00 0.000000000000000000e+00
-6.419418317195311197e+00 -3.276614499543033521e-01 1.000000000000000000e+00
-6.405494970057119097e+00 3.485705052705080575e+00 0.000000000000000000e+00
-4.531177976565040844e+00 2.510661435008421094e-02 1.000000000000000000e+00
-5.349903078017221425e+00 2.365688537510259870e+00 1.000000000000000000e+00
-3.343901079640813734e+00 1.792301606745389631e+00 1.000000000000000000e+00
-6.923977458683776121e+00 2.084335672179700172e+00 1.000000000000000000e+00
-1.006415967395053279e+01 5.336129823588211529e+00 0.000000000000000000e+00
-5.499337029310684244e+00 2.407638586332473629e+00 1.000000000000000000e+00
-3.967414100760053408e+00 -1.140326870828095807e+00 1.000000000000000000e+00
-6.047316718573653382e+00 4.871476739592500493e+00 0.000000000000000000e+00
-5.872345939117133540e+00 3.666475849827654621e+00 0.000000000000000000e+00
-3.364428419527531133e+00 -3.657758028183024646e-01 1.000000000000000000e+00
-5.545680491980084170e+00 1.074502140150708662e+00 1.000000000000000000e+00
-6.684252713022790005e+00 5.668605881190378781e+00 0.000000000000000000e+00
-2.397246503489808056e+00 1.432581248409463326e+00 1.000000000000000000e+00
-5.162691570984853762e+00 4.023371959362684436e+00 0.000000000000000000e+00
-8.122388752494456909e+00 4.419449088163437622e+00 0.000000000000000000e+00
-3.703604464975875921e+00 1.233955529854968924e+00 1.000000000000000000e+00
-5.898346046909621165e+00 -5.184645786688868441e-03 1.000000000000000000e+00
-7.480147830527416275e+00 6.284403382966013751e+00 0.000000000000000000e+00
-5.170464091618059754e+00 6.558195396932697818e-01 1.000000000000000000e+00
-5.573941254837275316e+00 -1.029021333218697043e-01 1.000000000000000000e+00
-7.018788728569048452e+00 5.135924588855596440e+00 0.000000000000000000e+00
-6.641465747651549734e+00 5.326201177246953300e+00 0.000000000000000000e+00
-3.759363792536004834e+00 -9.630203443186939882e-01 1.000000000000000000e+00
-5.858863638683098785e+00 2.481161913640001160e+00 1.000000000000000000e+00
-9.404736620652943913e+00 5.529509008959344385e+00 0.000000000000000000e+00
-8.246951148899924533e+00 5.231298143830269254e+00 0.000000000000000000e+00
-5.042812209262094392e+00 -8.900087858139693608e-01 1.000000000000000000e+00
-6.678774094377992299e+00 4.275343410009535106e+00 0.000000000000000000e+00
-4.954717356509480197e+00 1.835461224028744676e+00 1.000000000000000000e+00
-8.326730079956034203e+00 3.861029458233473655e+00 0.000000000000000000e+00
-5.776704471621600945e+00 5.138996374719332572e+00 0.000000000000000000e+00
-7.434452362267682801e+00 4.405115622674816933e+00 0.000000000000000000e+00
-4.714639900264080197e+00 6.092352891956351435e+00 0.000000000000000000e+00
-9.475314491959212049e+00 5.554502775255540925e+00 0.000000000000000000e+00
-6.756955454333193778e+00 4.084730343983135725e+00 0.000000000000000000e+00
-4.469759636267295555e+00 -3.817161059855083138e-01 1.000000000000000000e+00
-5.915800391717048079e+00 4.749578935021978587e+00 0.000000000000000000e+00
-6.879087189206892106e+00 4.554796730971668595e+00 0.000000000000000000e+00
-8.882359909256596353e+00 5.839360966921977258e+00 0.000000000000000000e+00
-5.880384458024764172e+00 5.178050430104910618e+00 0.000000000000000000e+00
-4.383419439629095749e+00 5.001955483295396299e+00 0.000000000000000000e+00
-6.785460187542597055e+00 4.576171824812248268e+00 0.000000000000000000e+00
-4.610052802240541148e+00 -7.585925989372261924e-01 1.000000000000000000e+00
-6.126827556202347758e+00 4.583773035467679335e+00 0.000000000000000000e+00
-6.858456256631999537e+00 5.136182950261643398e+00 0.000000000000000000e+00
-7.334702668833479322e+00 1.001964973496046962e+00 1.000000000000000000e+00
-4.305907950952076568e+00 5.350782055843383844e-02 1.000000000000000000e+00
-5.821948143609162685e+00 3.586797762032007952e+00 0.000000000000000000e+00
-5.210264379169511351e+00 3.757253344207158730e-01 1.000000000000000000e+00
-7.107478943704751195e+00 5.362450643748241319e+00 0.000000000000000000e+00
-5.241675968903832583e+00 -7.294302038104927277e-01 1.000000000000000000e+00
-6.306618343448672448e+00 6.633332827754562899e+00 0.000000000000000000e+00
-6.786890896638586135e+00 5.573915200076435816e+00 0.000000000000000000e+00
-5.219684145480443682e+00 1.306741050452090436e+00 1.000000000000000000e+00
-5.602319824228368716e+00 -2.313921885591359029e-01 1.000000000000000000e+00
-6.349899514344690132e+00 5.878330675850428122e+00 0.000000000000000000e+00
-5.892380005754147554e+00 4.966143038092527995e+00 0.000000000000000000e+00
-6.119404992429233303e+00 9.235042619990349033e-01 1.000000000000000000e+00
-5.493066083802371935e+00 5.406492558417326677e+00 0.000000000000000000e+00
-5.124521105628566886e+00 2.136159179533260399e+00 1.000000000000000000e+00
-6.732474840923867276e+00 4.847915185921232606e+00 0.000000000000000000e+00
-4.446983545840645924e+00 5.558640095129721015e-01 1.000000000000000000e+00
-7.123052517302402187e+00 5.222574302718350658e+00 0.000000000000000000e+00
-8.211426900921487970e+00 4.234773235713861439e+00 0.000000000000000000e+00
-7.424815521508279836e+00 6.208698058614360527e+00 0.000000000000000000e+00
-8.236175285223092501e+00 5.324280609601629521e+00 0.000000000000000000e+00
-3.750186319846056548e+00 6.184949476828679238e+00 0.000000000000000000e+00
-3.962650271747351738e+00 1.785949375618464563e+00 1.000000000000000000e+00
-5.915609449618596472e+00 5.183452753882202835e-01 1.000000000000000000e+00
-7.928577746158444128e+00 5.120758705919437936e+00 0.000000000000000000e+00
-3.624632367352506712e+00 1.048096695165766867e+00 1.000000000000000000e+00
-5.137758740234040999e+00 4.004676649065391558e+00 0.000000000000000000e+00
-6.222358528021044499e+00 3.483210886353689251e+00 0.000000000000000000e+00
-7.479958456371793574e+00 1.962588942661838809e+00 1.000000000000000000e+00
-2.492483040922633730e+00 3.274119722866491444e-01 1.000000000000000000e+00
-7.250833046537836779e+00 5.628418153996687323e+00 0.000000000000000000e+00
-3.981210613117818653e+00 1.022971965179273912e+00 1.000000000000000000e+00
-6.154769050468490654e+00 1.186519991391319806e+00 1.000000000000000000e+00
-6.636902416920140269e+00 4.391392145248356194e+00 0.000000000000000000e+00
-4.351235102125505350e+00 1.029652678619183970e+00 1.000000000000000000e+00
-7.084016377628522321e+00 3.784862477137368675e+00 0.000000000000000000e+00
-6.024736285638045530e+00 5.013176060102393805e+00 0.000000000000000000e+00
-4.187109092593381376e+00 7.489653223179270070e-01 1.000000000000000000e+00
-5.127367003336185114e+00 1.132625425247745232e-01 1.000000000000000000e+00
-7.483122494685535919e+00 4.824267161708555740e+00 0.000000000000000000e+00
-4.040864817418880151e+00 -8.863120334301428649e-01 1.000000000000000000e+00
-6.701767203990801391e+00 4.416635127754592105e+00 0.000000000000000000e+00
-4.670258529544133452e+00 -1.377856817900828812e-01 1.000000000000000000e+00
-7.202974111112027344e+00 5.441421312018445811e+00 0.000000000000000000e+00
-4.198394209685557321e+00 1.444769462315679709e+00 1.000000000000000000e+00
-7.908862396681881179e+00 3.717939861563137161e+00 0.000000000000000000e+00
-3.525713099019128993e+00 -4.809439762977563149e-02 1.000000000000000000e+00
-8.256132373503804800e+00 3.111341009954259107e+00 0.000000000000000000e+00
-7.496402011557752765e+00 5.922270855166138936e+00 0.000000000000000000e+00
-4.591785536025490444e+00 9.561326849177620435e-02 1.000000000000000000e+00
-3.669850186654795454e+00 1.241119559541685291e+00 1.000000000000000000e+00
-6.234187798821536397e+00 4.278011310058976946e+00 0.000000000000000000e+00
-4.913398163990867040e+00 1.309417988949256095e+00 1.000000000000000000e+00
-4.920801579676387760e+00 -1.024547220784098212e+00 1.000000000000000000e+00
-7.581040726096246907e+00 5.152329468235596011e+00 0.000000000000000000e+00
-4.995303076480405835e+00 -3.125970245402730496e-01 1.000000000000000000e+00
-4.816783403751371040e+00 -3.773989136415103474e-01 1.000000000000000000e+00
-6.465853918927702004e+00 4.159584112587482174e+00 0.000000000000000000e+00
-6.321607099736477053e+00 5.648095990224131668e+00 0.000000000000000000e+00
-6.571677608116099911e+00 5.130049453728390496e+00 0.000000000000000000e+00
-5.939806089570291547e+00 5.318600191437544034e+00 0.000000000000000000e+00
-5.104680407272489617e+00 1.099643963070882968e+00 1.000000000000000000e+00
-6.009425625715488550e+00 3.904042838394160775e+00 0.000000000000000000e+00
-5.595675590944163780e+00 1.764308835998295688e+00 1.000000000000000000e+00
-7.469032902043357680e+00 6.282045905814218401e+00 0.000000000000000000e+00
-2.994417612287871400e+00 5.912828211451442995e-01 1.000000000000000000e+00
-5.246721121519059672e+00 4.468006665665845922e+00 0.000000000000000000e+00
-1.957024456977529692e+00 1.210180362609710292e+00 1.000000000000000000e+00
-6.501318940220061293e+00 3.765445025619500008e+00 0.000000000000000000e+00
-7.309443928585497297e+00 5.052409561204127542e+00 0.000000000000000000e+00
-6.440700214584849981e+00 5.377990438692022757e+00 0.000000000000000000e+00
-6.572928657936926378e+00 3.848655758843717134e+00 0.000000000000000000e+00
-7.337685792795228146e+00 5.487054092983297160e+00 0.000000000000000000e+00
-3.636299354970358166e+00 7.308183370633016818e-01 1.000000000000000000e+00
-4.491327686218523851e+00 7.101644454252797889e-02 1.000000000000000000e+00
-4.475660495088384039e+00 1.977437642542780427e+00 0.000000000000000000e+00
-8.026594560449312965e+00 5.687745930396202354e+00 0.000000000000000000e+00
-5.245715731919339930e+00 1.500574216667153848e+00 1.000000000000000000e+00
-5.015739376152894557e+00 -8.635210675290925231e-01 1.000000000000000000e+00
-4.731072270442142624e+00 5.912661963380716479e-01 1.000000000000000000e+00
-6.952344770088190629e+00 -2.205108861733767744e-01 1.000000000000000000e+00
-7.988494692279918041e+00 4.367695930680662642e+00 0.000000000000000000e+00
-5.677727204109540793e+00 4.833630087659726016e+00 0.000000000000000000e+00
-7.630711249853642464e+00 4.239109267180877438e+00 0.000000000000000000e+00
-5.197941355573708400e+00 3.598914974563732105e+00 0.000000000000000000e+00
-5.099923074214852470e+00 -5.323028414477770642e-02 1.000000000000000000e+00
-4.526231905151222534e+00 5.634075515498169207e-01 1.000000000000000000e+00
-7.406984051929339508e+00 5.636396494481287434e+00 0.000000000000000000e+00
-6.221495458211856011e+00 6.566865329979171939e+00 0.000000000000000000e+00
-7.524232971904718070e+00 5.530410328661509389e+00 0.000000000000000000e+00
-7.648214831348875364e+00 4.336321049519019866e+00 0.000000000000000000e+00
-5.445509159771884100e+00 6.437456837751336813e+00 0.000000000000000000e+00
-6.714512227758445029e+00 4.451159529424144168e+00 0.000000000000000000e+00
-7.077894214092832925e+00 3.474386525398386993e+00 0.000000000000000000e+00
-8.105467930445625413e+00 4.718989585821095289e+00 0.000000000000000000e+00
-7.375707439412961364e+00 6.179083968895520584e+00 0.000000000000000000e+00
-5.195065068015720655e+00 1.059817072060075249e-01 1.000000000000000000e+00
-5.410842239544612298e+00 4.213657843283046489e+00 0.000000000000000000e+00
-7.798447916961577242e+00 6.071470411298104608e+00 0.000000000000000000e+00
-5.841788912221717922e+00 5.559347142803424902e+00 0.000000000000000000e+00
-7.155743659858883277e+00 5.170951616253863570e+00 0.000000000000000000e+00
-4.308491018094961156e+00 5.490133616707592035e-01 1.000000000000000000e+00
-6.947037385857820269e+00 5.085294407700585495e+00 0.000000000000000000e+00
-6.632485088065660506e+00 5.113736985649760314e+00 0.000000000000000000e+00
-8.701262810059022357e+00 5.563446652631952816e+00 0.000000000000000000e+00
-4.402466972388433319e+00 3.515451175132632278e-01 1.000000000000000000e+00
-5.175080535752645261e+00 1.212543177902880798e+00 1.000000000000000000e+00
-8.064955866652825378e+00 6.915338171763606212e+00 0.000000000000000000e+00
-4.360239317043800078e+00 4.097573205417395781e-01 1.000000000000000000e+00
-4.823395743241804645e+00 2.872884504687830187e+00 1.000000000000000000e+00
-6.277695099720947525e+00 4.644478045926815568e+00 0.000000000000000000e+00
-4.503132981761313935e+00 -5.929213333921394824e-01 1.000000000000000000e+00
-8.119480640894863654e+00 5.497140530759346611e+00 0.000000000000000000e+00
-7.826101154335391996e+00 5.959363410863417698e+00 0.000000000000000000e+00
-5.768206315425574715e+00 5.678328832215011612e-01 1.000000000000000000e+00
-5.567488349176442419e+00 4.654133575445259519e-01 1.000000000000000000e+00
-8.974661673455972988e+00 3.573264873700945810e+00 0.000000000000000000e+00
-7.514566071812896375e+00 5.273450923843853388e+00 0.000000000000000000e+00
-5.055239796948233000e+00 -4.147409069244201163e-01 1.000000000000000000e+00
-6.219307449224345419e+00 3.836410498836890781e+00 0.000000000000000000e+00
-6.615707691112810984e+00 3.919526969964511220e+00 0.000000000000000000e+00
-7.075681847229734700e+00 4.932859217845556365e+00 0.000000000000000000e+00
-4.207591346320233683e+00 7.880791339076157476e-01 1.000000000000000000e+00
-7.241137874250761719e+00 4.490538167582206697e+00 0.000000000000000000e+00
-8.506551759963494774e+00 3.821468007976799974e+00 0.000000000000000000e+00
-5.923084529717226765e+00 6.236126031025586158e+00 0.000000000000000000e+00
-2.604312458489061122e+00 1.937457184919959330e+00 1.000000000000000000e+00
-7.946273359781051759e+00 6.010790379939782824e+00 0.000000000000000000e+00
-5.078603909613309320e+00 -7.007778605765329072e-01 1.000000000000000000e+00
-4.962205513480919095e+00 1.101200888629960684e+00 1.000000000000000000e+00
-5.341078406216286822e+00 -3.873495514139715379e-01 1.000000000000000000e+00
-5.609256649356587410e+00 4.833892059698658983e+00 0.000000000000000000e+00
-8.200746612211489150e+00 3.526421829884123227e+00 0.000000000000000000e+00
-5.801632520514717228e+00 4.875959552598585489e-02 1.000000000000000000e+00
-5.250724367274739457e+00 8.401231916238466324e-01 1.000000000000000000e+00
-6.746996447765606142e+00 4.965953578709369154e+00 0.000000000000000000e+00
-4.917293304942185195e+00 -4.686733346666793754e-02 1.000000000000000000e+00
-4.996102230973344049e+00 5.195183623479856294e+00 0.000000000000000000e+00
-6.045274889083396275e+00 2.290726074064692863e+00 1.000000000000000000e+00
-5.918421872553079055e+00 2.474322800720127002e+00 1.000000000000000000e+00
-4.652591853409085765e+00 8.102233665816629404e-01 1.000000000000000000e+00
-4.269491676406584446e+00 7.445374358377908619e-01 1.000000000000000000e+00
-3.850551523447541591e+00 4.760834661309278903e-01 1.000000000000000000e+00
-5.397073850200043488e+00 1.140131269532032254e+00 1.000000000000000000e+00
-3.524816366931227130e+00 -6.263605763416870698e-01 1.000000000000000000e+00
-6.109578149715668260e+00 4.846260198849225098e+00 0.000000000000000000e+00
-7.340298682437804700e+00 4.222606803837989808e+00 0.000000000000000000e+00
-5.057462643124321033e+00 4.456019207334368737e+00 0.000000000000000000e+00
-7.203076989896099569e+00 2.540192321197823233e+00 0.000000000000000000e+00
-3.875056946034404426e+00 4.174912709262324384e+00 0.000000000000000000e+00
-7.736135387698375609e+00 3.864556256575815141e+00 0.000000000000000000e+00
-5.917102968893180659e+00 3.577761863338983161e+00 0.000000000000000000e+00
-4.948048397157788436e+00 5.660215712390015419e-01 1.000000000000000000e+00
-4.637622255092635370e+00 4.019436905692847617e+00 1.000000000000000000e+00
-6.590556441465166060e+00 4.678919964540437348e+00 0.000000000000000000e+00
-7.857101875875819985e+00 5.084601052121755949e+00 0.000000000000000000e+00
-6.919358350477361697e+00 4.151043633195963700e+00 0.000000000000000000e+00
-8.528038052632881616e+00 4.965982777432923712e+00 0.000000000000000000e+00
-8.042229043919558507e+00 4.308557469755258218e+00 0.000000000000000000e+00
-6.420847263643276293e+00 1.255027879348371567e+00 1.000000000000000000e+00
-4.304287885640831313e+00 -1.313893475501443309e+00 1.000000000000000000e+00
-5.012805354695951010e+00 4.148615807723627924e+00 0.000000000000000000e+00
-6.258049978202024910e+00 1.353974721985997665e-01 1.000000000000000000e+00
-6.771400934227203905e+00 5.885192207619411420e+00 0.000000000000000000e+00
-7.509039196190831156e+00 6.812115351901226745e+00 0.000000000000000000e+00
-7.208566601253211914e+00 5.535141578919054339e+00 0.000000000000000000e+00
-8.294339185737346298e+00 5.766740278233683625e+00 0.000000000000000000e+00
-3.639599914846996853e+00 2.043235381650065907e+00 1.000000000000000000e+00
-7.133910574718056452e+00 7.842311564959883796e+00 0.000000000000000000e+00
-5.527356657789790795e+00 1.714177925080961229e+00 1.000000000000000000e+00
-4.108181582855578107e+00 1.594487317439684526e-01 1.000000000000000000e+00
-8.445728631893594240e+00 5.830205105856880010e+00 0.000000000000000000e+00
-6.602236207074772878e+00 2.312989466259456783e+00 0.000000000000000000e+00
-5.887939656359954199e+00 2.378121429462457748e+00 0.000000000000000000e+00
-6.293867055943464628e+00 1.587179834152156577e+00 1.000000000000000000e+00
-5.107254396930207996e+00 8.291289875543047527e-01 1.000000000000000000e+00
-6.149419223911465338e+00 5.373597437086673700e+00 0.000000000000000000e+00
-3.199468580216239477e+00 1.328411690749465190e+00 1.000000000000000000e+00
-2.929343694661440622e+00 9.408612916792373770e-01 1.000000000000000000e+00
-4.939856647897185482e+00 1.924193688022894921e-01 1.000000000000000000e+00
-4.889293940347183565e+00 5.315270892969494732e+00 0.000000000000000000e+00
-6.441942472858688262e+00 5.041457330618465349e+00 0.000000000000000000e+00
-4.232045037927417930e+00 2.260677694146040473e+00 1.000000000000000000e+00
-6.050980857700670512e+00 -4.641373551851051271e-01 1.000000000000000000e+00
-3.987961427000708436e+00 1.166685318053631626e+00 1.000000000000000000e+00
-4.442725902950340533e+00 5.685942242753079245e-01 1.000000000000000000e+00
-7.927519371171603879e+00 4.685594560927857977e+00 0.000000000000000000e+00
-9.932658579108128549e+00 5.394963363667837797e+00 0.000000000000000000e+00
-9.711635659967349454e+00 5.994201743878858402e+00 0.000000000000000000e+00
-6.017968454984621296e+00 5.960051327205249549e+00 0.000000000000000000e+00
-8.713570612345014510e+00 5.211703549438407634e+00 0.000000000000000000e+00
-5.259177971638147042e+00 -2.795325341814780540e-02 1.000000000000000000e+00
-6.798804731006923063e+00 5.663376253940564986e+00 0.000000000000000000e+00
-5.907428590890340558e+00 6.722346559279881451e-01 1.000000000000000000e+00
-6.215167221909995376e+00 8.874091626446942715e-01 1.000000000000000000e+00
-4.204795317847187519e+00 1.810507950532759480e+00 1.000000000000000000e+00
-7.322513768497151077e+00 3.763554918631845769e+00 0.000000000000000000e+00
-6.903251376015225205e+00 4.104531413445588583e+00 0.000000000000000000e+00
-3.960387076238573556e+00 1.905161053511793545e+00 1.000000000000000000e+00
-5.684830907067584427e+00 -4.992850385198190910e-01 1.000000000000000000e+00
-5.936496703416088039e+00 5.005557792918913229e-01 1.000000000000000000e+00
-5.564009802924049453e+00 3.755339774037097733e+00 0.000000000000000000e+00
-7.050032223577233914e+00 5.037707665183331684e+00 0.000000000000000000e+00
-2.989002323693406016e+00 6.475367727836499609e-01 1.000000000000000000e+00
-4.424030379599037666e+00 5.461705199109065934e-01 1.000000000000000000e+00
-6.043015687658412460e+00 5.900572078938549403e+00 0.000000000000000000e+00
-5.762760097527581671e+00 4.356127877546121852e+00 0.000000000000000000e+00
-5.056922845638917252e+00 -6.640198924904832101e-01 1.000000000000000000e+00
-7.875754966837164694e+00 3.205697207821561978e+00 0.000000000000000000e+00
-7.800205243367080321e+00 5.146686303548317909e+00 0.000000000000000000e+00
-5.636975897994074280e+00 7.792897014990175508e-01 1.000000000000000000e+00
-8.718143452538376081e+00 4.080121987531816430e+00 0.000000000000000000e+00
-4.743909876384682534e+00 1.791408295426170971e+00 1.000000000000000000e+00
-7.307700143127331849e+00 4.870009525676829654e+00 0.000000000000000000e+00
-5.308067336228533328e+00 3.070840730362452420e-01 1.000000000000000000e+00
-4.087908117482201398e+00 -2.541626211764569376e-03 1.000000000000000000e+00
-8.328494786935049632e+00 5.483909357149031827e+00 0.000000000000000000e+00
-7.488624213993062995e+00 4.695131614975760925e+00 0.000000000000000000e+00
-7.145134677330267969e+00 7.769643125260556005e+00 0.000000000000000000e+00
-6.192698767275006233e+00 -2.548218844672006655e-01 1.000000000000000000e+00
-5.948082334011751904e+00 5.196244739605281104e+00 0.000000000000000000e+00
-4.029887157731931069e+00 -2.091129714677903983e-01 1.000000000000000000e+00
-5.099639710960371275e+00 -8.773608460417801069e-01 1.000000000000000000e+00
-7.022011141104210097e+00 5.313016088441812279e+00 0.000000000000000000e+00
-5.580957360317453819e+00 6.578223628421697722e-01 1.000000000000000000e+00
-6.187154395406913032e+00 5.659044870989068166e+00 0.000000000000000000e+00
-5.489988026039945623e+00 1.524067009766879144e+00 1.000000000000000000e+00
-4.553905689902258302e+00 4.310994473846199715e-01 1.000000000000000000e+00
-6.275982039064881057e+00 5.328326595418757528e+00 0.000000000000000000e+00
-7.638995299794272498e+00 5.052518648014329372e+00 0.000000000000000000e+00
-5.648646730036690933e+00 3.926970084033294839e+00 0.000000000000000000e+00
-5.563573342154373158e+00 1.537765585081458664e+00 1.000000000000000000e+00
-5.081177926301366554e+00 6.502544127143268238e-01 1.000000000000000000e+00
-8.083001911861121158e+00 3.791432277998691092e+00 0.000000000000000000e+00
-4.525722321549809024e+00 9.381682875702992419e-01 1.000000000000000000e+00
-5.469514203877237080e+00 9.211539897154474854e-01 1.000000000000000000e+00
-4.455896667814871925e+00 1.616328092976654585e+00 1.000000000000000000e+00
-3.764636644924165942e+00 1.703742389966416582e+00 1.000000000000000000e+00
-4.516747644382093974e+00 -1.363928733562641327e+00 1.000000000000000000e+00
-7.042238817500223291e+00 3.712476515353737572e+00 0.000000000000000000e+00
-4.669044673895959896e+00 4.736180779469748581e-01 1.000000000000000000e+00
-6.580071664269750542e+00 5.784916515073612153e+00 0.000000000000000000e+00
-8.265658301188896218e+00 2.798804612927985325e+00 0.000000000000000000e+00
-6.692196124592869388e+00 3.637527027342057906e+00 0.000000000000000000e+00
-5.233826542124660364e+00 1.143064894524505659e+00 1.000000000000000000e+00
-8.219267789565888549e+00 4.958379839822232960e+00 0.000000000000000000e+00
-6.350951550003394175e+00 5.694843905716266086e+00 0.000000000000000000e+00
-6.826885100857459143e+00 4.844505819964465054e+00 0.000000000000000000e+00
-5.574386780968571209e+00 4.678844142639772663e+00 0.000000000000000000e+00
-7.076026013246612401e+00 5.315702737514097720e+00 0.000000000000000000e+00
-7.273462780447247589e+00 3.963558762646639977e+00 0.000000000000000000e+00
-5.627294572311207332e+00 4.715472547272038462e+00 0.000000000000000000e+00
-7.681874512663039667e+00 4.263973575055675980e+00 0.000000000000000000e+00
-6.920713548336921761e+00 1.280889533917313639e+00 1.000000000000000000e+00
-5.983480865248475666e+00 4.718310656620542609e+00 0.000000000000000000e+00
-4.999747776542343480e+00 5.315268348417195865e-01 1.000000000000000000e+00
-6.669350390107871895e+00 4.365353659460060598e+00 0.000000000000000000e+00
-7.389223501150992135e+00 3.742241662326490470e+00 0.000000000000000000e+00
-6.960594944359798752e+00 4.134638335855655988e+00 0.000000000000000000e+00
-5.789026396112080697e+00 9.503957562265921144e-01 1.000000000000000000e+00
-7.616917523634621823e+00 5.277971656566275094e+00 0.000000000000000000e+00
-6.125950164573528589e+00 3.966588896639381190e+00 0.000000000000000000e+00
-4.777199592917326321e+00 5.936550873862548983e+00 0.000000000000000000e+00
-2.973837294359602090e+00 5.086331101147485434e-01 1.000000000000000000e+00
-7.486459844614408610e+00 4.821896528550782435e+00 0.000000000000000000e+00
-5.517725559117153011e+00 7.828114769961589392e-01 1.000000000000000000e+00
-4.727377886526711315e+00 3.525668510986729731e-01 1.000000000000000000e+00
-5.042487077333058565e+00 2.395324829413179035e-01 1.000000000000000000e+00
-7.684435574623215359e+00 4.329656594027192718e+00 0.000000000000000000e+00
-6.120625895854717946e+00 4.848523006388020029e+00 0.000000000000000000e+00
-6.440825740015587719e+00 5.651737418574249716e+00 0.000000000000000000e+00
-6.694114309326891998e+00 5.773829293479547431e+00 0.000000000000000000e+00
-5.059823558753906880e+00 1.483884709029421156e+00 1.000000000000000000e+00
-4.187250085777947994e+00 1.198368747540340395e+00 1.000000000000000000e+00
-7.574203755601164545e+00 5.871632681103633900e+00 0.000000000000000000e+00
-4.945661074419885672e+00 5.133288902605923631e-01 1.000000000000000000e+00
-4.505316590001448240e+00 -3.169842702166929538e-01 1.000000000000000000e+00
-7.393366944619752523e+00 3.837279399012064385e+00 0.000000000000000000e+00
-7.010354324923535607e+00 4.928968547072463124e+00 0.000000000000000000e+00
-7.007387350112470159e+00 5.747600586139189005e+00 0.000000000000000000e+00
-4.589196036439519233e+00 -1.148495293144173868e-01 1.000000000000000000e+00
-5.264441513126660865e+00 1.348044086066334746e+00 1.000000000000000000e+00
-9.354492012007552759e+00 6.423081320353848156e+00 0.000000000000000000e+00
-7.383094254280175406e+00 5.157216937615203278e+00 0.000000000000000000e+00
-6.902024661864831323e+00 3.276771135238749189e+00 0.000000000000000000e+00
-6.842023845639420010e+00 4.797362462571855168e+00 0.000000000000000000e+00
-5.959806624597552727e+00 -1.713705757552288489e-01 1.000000000000000000e+00
-5.163433813811552753e+00 2.074304010363383632e+00 1.000000000000000000e+00
-5.887320273795891623e+00 1.656131227270090545e+00 1.000000000000000000e+00
-7.090059910488129447e+00 5.564429639556854212e+00 0.000000000000000000e+00
-7.426387174256813495e+00 4.326000685535613677e+00 0.000000000000000000e+00
-3.931049500646194517e+00 1.082105063947337298e+00 1.000000000000000000e+00
-5.394261999982632005e+00 1.673173455151096611e+00 1.000000000000000000e+00
-7.167545865562498619e+00 4.235851036319489005e+00 0.000000000000000000e+00
-5.607273197258920483e+00 3.562251849403269333e+00 0.000000000000000000e+00
-8.729589108715765988e+00 5.717497364648661318e+00 0.000000000000000000e+00
-5.221775313238008920e+00 2.900870265087622246e-01 1.000000000000000000e+00
-7.857129156741974541e+00 5.229475661927163621e+00 0.000000000000000000e+00
-6.316281436176366171e+00 1.202802571628690309e+00 1.000000000000000000e+00
-6.025648239685274632e+00 1.242644027693845299e+00 1.000000000000000000e+00
-5.580911813734783955e+00 5.119659218324231098e+00 0.000000000000000000e+00
-6.250665555904981296e+00 6.208942414081922934e+00 0.000000000000000000e+00
-5.694031416992155314e+00 2.992329822452926891e+00 0.000000000000000000e+00
-6.748445050459899619e+00 6.171523808784598053e+00 0.000000000000000000e+00
-7.520438397430009303e+00 5.168386821430263289e+00 0.000000000000000000e+00
-5.949471322958428843e+00 5.452379023702653704e-01 1.000000000000000000e+00
-5.970449680895275613e+00 3.852393210283152403e+00 0.000000000000000000e+00
-5.018961823070009487e+00 -1.186453369165425098e+00 1.000000000000000000e+00
-6.360682778472346754e+00 5.023713391160588237e+00 0.000000000000000000e+00
-5.553482014626862195e+00 1.325286029310929203e-01 1.000000000000000000e+00
-5.106896132398841104e+00 -6.184519703255686451e-01 1.000000000000000000e+00
-5.977896465759162226e+00 8.161354003462046869e-01 1.000000000000000000e+00
-7.088476030411454687e+00 6.557375148764177375e+00 0.000000000000000000e+00
-5.800199580626108187e+00 4.987149595499058563e+00 0.000000000000000000e+00
-5.493951688885938545e+00 4.963341571264751728e+00 0.000000000000000000e+00
-6.833216306839057452e+00 3.142568646426731949e+00 0.000000000000000000e+00
-4.095646042536064790e+00 5.590825946883395403e-01 1.000000000000000000e+00
-7.985509218210059323e+00 6.744980423675696279e+00 0.000000000000000000e+00
-4.855814213242123145e+00 5.803993273114284035e-01 1.000000000000000000e+00
-5.435373238526075568e+00 3.502728602875667452e+00 0.000000000000000000e+00
-6.253866766920290310e+00 4.039211606381979180e+00 0.000000000000000000e+00
-3.978986556363145688e+00 2.031243914062123679e+00 1.000000000000000000e+00
-4.921099303135198610e+00 1.142440380270412392e+00 1.000000000000000000e+00
-5.260871394258266776e+00 2.314342658980705458e+00 1.000000000000000000e+00
-7.708171216407990300e+00 3.107875330903025812e+00 0.000000000000000000e+00
-5.960604294856126195e+00 1.519074830174804269e+00 1.000000000000000000e+00
-5.646886785145092347e+00 3.993143516083190736e+00 0.000000000000000000e+00
-4.583598306120324928e+00 3.194731199822322121e-01 1.000000000000000000e+00
-3.794883409875723146e+00 -5.713672402499270220e-01 1.000000000000000000e+00
-8.475481137010497434e+00 4.085830213427199986e+00 0.000000000000000000e+00
-4.360427697346917597e+00 8.665380194968709260e-01 1.000000000000000000e+00
-4.273981119171735621e+00 7.928510839571224489e-01 1.000000000000000000e+00
-6.844926309907958917e+00 3.675039094567289943e+00 0.000000000000000000e+00
-5.565464601273593104e+00 1.050274684864186625e+00 1.000000000000000000e+00
-3.502881109223561662e+00 1.631698516070577698e+00 1.000000000000000000e+00
-5.399254433907842099e+00 1.414980537383285331e+00 1.000000000000000000e+00
-7.470368445497704180e+00 1.645980238635537329e+00 0.000000000000000000e+00
-7.086772154972348581e+00 4.708604974992312009e+00 0.000000000000000000e+00
-6.771414469243607570e+00 3.786251653147715945e+00 0.000000000000000000e+00
-4.924320526610953763e+00 1.666646444090835733e-01 1.000000000000000000e+00
-4.133198315380603560e+00 -8.713819093914354497e-01 1.000000000000000000e+00
-6.225269441283976413e+00 3.410537460343229910e+00 0.000000000000000000e+00
-5.592505535595517330e+00 3.788000114357554349e+00 0.000000000000000000e+00
-5.040725638201222658e+00 -3.296041122799997503e-02 1.000000000000000000e+00
-3.959383091224683682e+00 -1.565515521175684377e-01 1.000000000000000000e+00
-5.754258026612950161e+00 1.174658087128033213e-01 1.000000000000000000e+00
-4.829137908803572188e+00 2.519907655579468608e-01 1.000000000000000000e+00
-4.992198676163415172e+00 -3.536466173879815322e-03 1.000000000000000000e+00
-6.615869275692515039e+00 5.668753535770202134e+00 0.000000000000000000e+00
-1.828759773246903642e+00 1.396162094728987002e+00 1.000000000000000000e+00
-5.654071265851692729e+00 -1.393782879351958659e+00 1.000000000000000000e+00
-7.325192943997877570e+00 3.520682211122128535e+00 0.000000000000000000e+00
-5.866852015128948494e+00 1.862907531043708653e+00 1.000000000000000000e+00
-6.411405008882042011e+00 4.307934140761594755e+00 0.000000000000000000e+00
-5.479391896220396241e+00 1.966915854437292221e-01 1.000000000000000000e+00
-5.414856287028850801e+00 6.341142017947621889e-01 1.000000000000000000e+00
-6.225635579056857161e+00 5.912229497303164827e+00 0.000000000000000000e+00
-6.722909964298224850e+00 9.355532488917133183e-01 1.000000000000000000e+00
-5.057429398553981770e+00 -1.864848113318669398e+00 1.000000000000000000e+00
-6.340781885880040214e+00 5.011370880617714185e+00 0.000000000000000000e+00
-6.185362627198736085e+00 5.182712697297411353e+00 0.000000000000000000e+00
-6.920935186374218340e+00 3.361013292801824370e+00 0.000000000000000000e+00
-6.044775030425666884e+00 3.354634487511684249e+00 0.000000000000000000e+00
-6.913378946875393005e+00 6.582175055940268749e+00 0.000000000000000000e+00
-5.899335050478702769e+00 -6.392402827403016463e-01 1.000000000000000000e+00
-9.100803001697748584e+00 3.233725522147688380e+00 0.000000000000000000e+00
-5.057977487198477284e+00 6.827585716969324370e-01 1.000000000000000000e+00
-6.632799709829357404e+00 5.667095883858499050e+00 0.000000000000000000e+00
-5.400042426016986141e+00 1.336687051138857329e-01 1.000000000000000000e+00
-8.593493754842555177e+00 4.014382733322554131e+00 0.000000000000000000e+00
-5.456350877028159019e+00 -6.240059133909756639e-01 1.000000000000000000e+00
-6.309800371051255574e+00 5.006098391767414668e+00 0.000000000000000000e+00
-6.232281974805654379e+00 -2.143500297840772451e-02 1.000000000000000000e+00
-7.505702483533591263e+00 2.562412950917849042e+00 0.000000000000000000e+00
-8.537733454781065490e+00 5.558242564230520877e+00 0.000000000000000000e+00
-2.775703345666735267e+00 -1.413112623080365449e+00 1.000000000000000000e+00
-3.216612803965936074e+00 9.545300080976224510e-01 1.000000000000000000e+00
-4.922970741357895363e+00 9.261965408707639735e-01 1.000000000000000000e+00
-6.034785407406345392e+00 5.528576882018430005e-01 1.000000000000000000e+00
-7.405564159678538871e+00 6.433116207966471656e+00 0.000000000000000000e+00
-7.418318576302574741e+00 3.099073462260592660e+00 0.000000000000000000e+00
-6.575007838930103432e+00 1.051055025734138892e+00 1.000000000000000000e+00
-2.537687717779425256e+00 7.437070925716549041e-04 1.000000000000000000e+00
-3.722595165926496641e+00 1.855997398887205829e-01 1.000000000000000000e+00
-3.803409700977379959e+00 -1.040948043137334134e-01 1.000000000000000000e+00
-8.287682870501377863e+00 6.975535280032218566e+00 0.000000000000000000e+00
-4.455241081663086966e+00 -7.014151043056928714e-01 1.000000000000000000e+00
-6.336634429514997890e+00 5.360854287973766397e+00 0.000000000000000000e+00
-4.596664802987414866e+00 8.054999733531520434e-01 1.000000000000000000e+00
-5.579703654767830479e+00 4.629768788169021043e+00 0.000000000000000000e+00
-5.462042674649440599e+00 4.653765042012500075e+00 0.000000000000000000e+00
-4.105063274650959215e+00 1.459165574351755090e-01 1.000000000000000000e+00
-5.436302403820310047e+00 1.839122174496516271e+00 1.000000000000000000e+00
-5.527975483269010226e+00 2.629408014660510884e-01 1.000000000000000000e+00
-7.246158078510796408e+00 3.230949515274757822e+00 0.000000000000000000e+00
-7.954306139007213616e+00 3.225615410971758301e+00 0.000000000000000000e+00
-5.863240302954520367e+00 1.373656865947437300e+00 1.000000000000000000e+00
-9.008434365752567174e+00 4.947553636220728634e+00 0.000000000000000000e+00
-5.420083061501456356e+00 9.212248190091920641e-03 1.000000000000000000e+00
-5.269233489911273161e+00 3.734531879660322740e-01 1.000000000000000000e+00
-7.657906076764754211e+00 3.913342459208811075e+00 0.000000000000000000e+00
-6.313745666317374550e+00 1.604565475749150760e+00 1.000000000000000000e+00
-6.994239487349164897e+00 5.211424720665108978e+00 0.000000000000000000e+00
-3.697088582399600920e+00 2.767621500641601173e+00 1.000000000000000000e+00
-1.806273093838086208e+00 7.109869691367883826e-01 1.000000000000000000e+00
-5.031119331159830566e+00 1.905999856145160765e-01 1.000000000000000000e+00
-5.688393379550003459e+00 6.087782924637037851e+00 0.000000000000000000e+00
-6.861405252536010302e+00 5.018874709554745017e+00 0.000000000000000000e+00
-5.383098374177001766e+00 1.585084146250084869e+00 1.000000000000000000e+00
-4.040853530813913075e+00 -7.400290346110873774e-01 1.000000000000000000e+00
-2.991142611157272313e+00 1.340433656721288891e+00 1.000000000000000000e+00
-4.784240631906876651e+00 1.009187485055429878e+00 1.000000000000000000e+00
-4.627003478476029663e+00 1.180856058476542625e-01 1.000000000000000000e+00
-5.710322406311437504e+00 3.627473529499216198e+00 0.000000000000000000e+00
-7.378138088625465940e+00 4.599631660151596080e+00 0.000000000000000000e+00
-5.419183884352841929e+00 1.185809162505912617e+00 1.000000000000000000e+00
-8.338020050910575520e+00 3.637405594286883037e+00 0.000000000000000000e+00
-3.549577569678441513e+00 1.525330450420822492e+00 1.000000000000000000e+00
