6.925818565535911686e-01 -4.823862109778211948e-01 1.000000000000000000e+00
1.098179063650635279e-01 6.617308661289322824e-02 1.000000000000000000e+00
1.042821426595157641e+00 -5.680971104085257295e-01 1.000000000000000000e+00
1.325835920261308809e+00 -5.549556122661820634e-01 1.000000000000000000e+00
1.357170301398596957e-01 5.143195289827857675e-01 1.000000000000000000e+00
1.336611023737832138e+00 -2.422308420030553910e-01 1.000000000000000000e+00
1.896617175120982601e+00 3.649878515754766406e-01 1.000000000000000000e+00
1.951364371022394462e+00 5.524455206967431309e-01 1.000000000000000000e+00
1.321931222703990327e+00 -3.511141395101888829e-01 1.000000000000000000e+00
5.862991844310865286e-01 9.619706543091487427e-01 0.000000000000000000e+00
7.627235122872678963e-02 3.166169417059049862e-01 1.000000000000000000e+00
-7.175274397408698546e-01 6.054719174030853690e-01 0.000000000000000000e+00
1.756318582703374043e+00 -3.561151913059648622e-02 1.000000000000000000e+00
1.595518535307502150e-01 1.018301702495261196e+00 0.000000000000000000e+00
4.110645586615922498e-01 8.880439790135041811e-01 0.000000000000000000e+00
2.029999755673856487e+00 -4.984967837783504940e-02 1.000000000000000000e+00
-1.005238549198472220e-01 1.554846793234597735e-01 1.000000000000000000e+00
2.420372393847798898e-01 -1.549989746372467114e-01 1.000000000000000000e+00
-3.392649714763362745e-01 8.871342170099369984e-01 0.000000000000000000e+00
1.389354679034016105e+00 -3.452470725093728099e-01 1.000000000000000000e+00
1.205663514596567731e+00 -5.445784989947364263e-01 1.000000000000000000e+00
1.057101247632047158e+00 -4.229338036558025204e-01 1.000000000000000000e+00
1.554639075860150821e-02 8.653389680828399433e-01 0.000000000000000000e+00
-7.202766839039456137e-01 4.742204061793593994e-01 0.000000000000000000e+00
8.860167321154009956e-01 4.048886111127771859e-01 0.000000000000000000e+00
4.861522911535400282e-01 8.008197269283847675e-01 0.000000000000000000e+00
4.045393506979477749e-01 -1.924484621739498968e-01 1.000000000000000000e+00
4.596447971022530887e-01 9.394588892074503539e-01 0.000000000000000000e+00
1.832577725910905508e+00 -1.447591937501573611e-01 1.000000000000000000e+00
8.176828933028984503e-02 -1.231682246090900212e-01 1.000000000000000000e+00
1.283290104540206478e-01 -1.209207934024585096e-02 1.000000000000000000e+00
1.062114431652424473e+00 3.197724265923340137e-01 0.000000000000000000e+00
1.117236305285569165e+00 -4.829706023226855716e-01 1.000000000000000000e+00
-6.799825596678512607e-01 7.319721494878972390e-01 0.000000000000000000e+00
-6.051792572739560505e-01 8.855014394804966438e-01 0.000000000000000000e+00
-1.005028860809754843e+00 2.291838236887211722e-01 0.000000000000000000e+00
9.681697646173835492e-02 3.141070210262711937e-01 1.000000000000000000e+00
1.606169878523869388e+00 -2.627854899199068006e-01 1.000000000000000000e+00
4.541909595514156961e-02 1.014784664334655639e+00 0.000000000000000000e+00
-1.252054953959855499e-01 1.807728646558857122e-01 1.000000000000000000e+00
1.105980500978386516e+00 -4.798612122522425416e-01 1.000000000000000000e+00
1.030255708138258175e+00 1.732750958116960616e-01 0.000000000000000000e+00
-1.946140383541392904e-01 9.823124280109036821e-01 0.000000000000000000e+00
1.944490212014757802e+00 1.768568223129938222e-01 1.000000000000000000e+00
1.963560570541760253e+00 -8.833327780762065262e-02 1.000000000000000000e+00
4.533899776403600979e-01 -3.099315592686248677e-01 1.000000000000000000e+00
2.040108086483940042e+00 4.489087704844178517e-01 1.000000000000000000e+00
1.116416768447373142e+00 2.995168224536877144e-01 0.000000000000000000e+00
8.159926627790199394e-01 4.614838642862493234e-01 0.000000000000000000e+00
8.023988661995796745e-01 -5.073857479468256715e-01 1.000000000000000000e+00
-8.560309290532222004e-01 4.078579454143776983e-01 0.000000000000000000e+00
1.783941269222817150e+00 -2.380545213543825422e-01 1.000000000000000000e+00
3.856037305185597841e-01 -3.637893833496984586e-01 1.000000000000000000e+00
7.644895609421848981e-01 4.099757459593008635e-01 0.000000000000000000e+00
-6.819858127735027864e-01 5.420530678530079971e-01 0.000000000000000000e+00
3.887293706045021890e-01 9.256512985643655655e-01 0.000000000000000000e+00
9.886670191557415110e-01 2.990242923677278730e-01 0.000000000000000000e+00
1.454983248591776190e+00 -4.491690541450587548e-01 1.000000000000000000e+00
9.681168167885094711e-01 -4.897591823590719540e-01 1.000000000000000000e+00
2.054457230752306351e+00 5.426575706103970997e-01 1.000000000000000000e+00
2.055023153906919142e-01 4.103259273831844772e-02 1.000000000000000000e+00
8.309365860765892675e-01 6.368502342252085890e-01 0.000000000000000000e+00
8.832771236213732280e-01 6.742048086357731451e-01 0.000000000000000000e+00
3.457214305468350735e-01 -4.248118437755897814e-01 1.000000000000000000e+00
1.928371491499126122e+00 -1.274304058555816160e-02 1.000000000000000000e+00
3.838813374287802782e-01 -1.161419570550377978e-01 1.000000000000000000e+00
6.192630138820901520e-01 8.207892119821631471e-01 0.000000000000000000e+00
1.912972905512079658e+00 1.276730599657933118e-01 1.000000000000000000e+00
6.180693678889167542e-01 7.378226621983297040e-01 0.000000000000000000e+00
1.762957993654077571e+00 6.243055846825669442e-02 1.000000000000000000e+00
1.048493960286347448e+00 -1.214870399996711980e-02 0.000000000000000000e+00
-1.234646353384570627e+00 2.212316378906900582e-01 0.000000000000000000e+00
-1.224148638671630762e-02 -1.917520074871469360e-01 1.000000000000000000e+00
1.842170859943743855e+00 3.908496541767303989e-01 1.000000000000000000e+00
-8.748407827621555999e-01 1.940091236059042767e-01 0.000000000000000000e+00
5.647663570121636001e-01 1.057895493810105281e+00 0.000000000000000000e+00
-5.709628205361167996e-01 5.905191870302697321e-01 0.000000000000000000e+00
9.855548330997744300e-01 -5.559019120683361681e-01 1.000000000000000000e+00
1.026880558900848506e+00 -5.310920001859408268e-01 1.000000000000000000e+00
-8.698479866834095686e-01 6.125857483060368480e-01 0.000000000000000000e+00
-2.855656888741652660e-02 1.065611042505146155e+00 0.000000000000000000e+00
-2.153339283613904254e-01 8.763549582251251024e-01 0.000000000000000000e+00
-6.831339646961890333e-01 6.214162884643690266e-01 0.000000000000000000e+00
7.238086371334262470e-01 -3.298923054407177369e-01 1.000000000000000000e+00
6.304753763439201464e-01 6.692703908109302047e-01 0.000000000000000000e+00
-7.833962082812917505e-02 8.859584122898388481e-01 0.000000000000000000e+00
-4.343002739653700761e-01 9.722248175063907816e-01 0.000000000000000000e+00
-1.628913416980494744e-01 1.029729245375335056e+00 0.000000000000000000e+00
1.447398347989693468e-01 2.101328722437338092e-01 1.000000000000000000e+00
7.164174625830446175e-01 7.983875358081594653e-01 0.000000000000000000e+00
5.776374045195092899e-01 -4.289855726717309858e-01 1.000000000000000000e+00
9.119977998086767901e-01 -3.949502513953907501e-01 1.000000000000000000e+00
5.641396174877232328e-01 9.022305057012176555e-01 0.000000000000000000e+00
1.989172824133058848e+00 3.228043852357990184e-01 1.000000000000000000e+00
8.673386545406767123e-01 4.295350239136971893e-01 0.000000000000000000e+00
-1.039577948672600449e+00 1.700969719640385847e-01 0.000000000000000000e+00
-7.488069547373891188e-01 9.588351441009426157e-01 0.000000000000000000e+00
9.390789361956116688e-01 -5.768601778975749328e-01 1.000000000000000000e+00
-7.640651687522481694e-01 7.126794120472390581e-01 0.000000000000000000e+00
-1.036401932942843107e+00 1.302407931164770716e-01 0.000000000000000000e+00
1.066679729099845597e-01 1.101153604623192672e+00 0.000000000000000000e+00
-5.873385264565356145e-01 1.010172272683906192e+00 0.000000000000000000e+00
1.997954973509086019e+00 3.720672683449792184e-01 1.000000000000000000e+00
7.518144939133728499e-01 5.346042196823500570e-01 0.000000000000000000e+00
1.574179713919568124e+00 -1.955670313762792878e-01 1.000000000000000000e+00
9.417528150081351523e-02 8.464069939315007618e-01 0.000000000000000000e+00
-7.135047358250436178e-02 9.984403717161451919e-01 0.000000000000000000e+00
1.100392435454634332e-01 9.445176531487459171e-01 0.000000000000000000e+00
-8.711141169046390798e-02 9.468753226927536515e-01 0.000000000000000000e+00
1.864065608395465423e-01 -1.399278122706104632e-01 1.000000000000000000e+00
1.463559242642662905e+00 -3.661395936177530008e-01 1.000000000000000000e+00
8.538197026390845767e-01 4.428929867895736172e-01 0.000000000000000000e+00
8.490946228025505471e-01 -5.059703190900580738e-01 1.000000000000000000e+00
9.887464182789944545e-01 2.713469275796677738e-01 0.000000000000000000e+00
1.912143931233016403e+00 1.647087701256381709e-01 1.000000000000000000e+00
1.207106961450207377e-01 2.455002871540126197e-01 1.000000000000000000e+00
8.337215074811290538e-01 5.697679741245750273e-01 0.000000000000000000e+00
1.960698611384398937e+00 2.447346652977819281e-02 1.000000000000000000e+00
-5.795552380439356055e-02 2.558707521609604463e-01 1.000000000000000000e+00
-9.956294967027666809e-01 3.893472777139582730e-01 0.000000000000000000e+00
4.276361165739825942e-01 9.139127553389154723e-01 0.000000000000000000e+00
1.213254080623571707e-01 -4.960142584749570316e-02 1.000000000000000000e+00
5.093534631672316237e-01 9.690085153382171912e-01 0.000000000000000000e+00
-3.363567536337510044e-01 9.057316482111035238e-01 0.000000000000000000e+00
1.111906751528914938e+00 -6.144497882777797404e-01 1.000000000000000000e+00
1.897648206562160045e+00 4.889866814549026497e-02 1.000000000000000000e+00
7.387485459340074057e-01 -4.552205751485849938e-01 1.000000000000000000e+00
1.796223888637876298e+00 -7.215289141083368329e-02 1.000000000000000000e+00
1.152496540281867377e-01 1.262281082049335201e-01 1.000000000000000000e+00
-5.630033928340932858e-01 9.208405792929080791e-01 0.000000000000000000e+00
8.294909696371592922e-01 6.001911198665613734e-01 0.000000000000000000e+00
4.769416791913568821e-01 8.032442325730756449e-01 0.000000000000000000e+00
4.551563915296978902e-01 9.051826177891377778e-01 0.000000000000000000e+00
9.866966997218393765e-01 2.544836249926213934e-01 0.000000000000000000e+00
-4.897595716254077303e-02 2.468650532491613314e-01 1.000000000000000000e+00
9.087219786932763110e-01 5.043723727848371530e-01 0.000000000000000000e+00
1.700194041819374391e+00 -1.656604480207973518e-01 1.000000000000000000e+00
1.164269314382690101e+00 -6.364120300078517367e-01 1.000000000000000000e+00
9.534921418146238836e-02 1.138998084794394572e+00 0.000000000000000000e+00
1.059195718732069302e+00 4.002130511765221721e-01 0.000000000000000000e+00
-6.568947636746250707e-01 8.246400220564644723e-01 0.000000000000000000e+00
2.009343285984589222e+00 3.121977356468784714e-01 1.000000000000000000e+00
2.478433879026772646e-01 1.009521711931381960e+00 0.000000000000000000e+00
-9.389510031748580232e-01 3.857546361250766553e-01 0.000000000000000000e+00
3.013004480828621601e-01 -1.631542451878976452e-01 1.000000000000000000e+00
9.575922421787306238e-01 -4.622304369418754333e-01 1.000000000000000000e+00
7.334108972694316497e-01 -4.723425380746441582e-01 1.000000000000000000e+00
-1.056948023103292611e+00 -6.776640973658581979e-02 0.000000000000000000e+00
4.202508230327119398e-01 -3.990646686478604432e-01 1.000000000000000000e+00
5.345764170185300646e-02 1.219740478398486233e-01 1.000000000000000000e+00
1.567839859271735747e-01 9.590947704581100908e-01 0.000000000000000000e+00
4.646784034477922098e-01 8.067120256083245566e-01 0.000000000000000000e+00
1.061510640288892082e+00 -6.947260513049167141e-01 1.000000000000000000e+00
4.560172872382211029e-01 -1.454349614288715786e-01 1.000000000000000000e+00
1.927160760631792424e+00 4.767702629513013296e-02 1.000000000000000000e+00
1.367562204961416894e+00 -4.915807793075009924e-01 1.000000000000000000e+00
9.920370690039063133e-01 4.923864672246437424e-01 0.000000000000000000e+00
-2.087002130978860004e-02 3.582208493411805916e-01 1.000000000000000000e+00
-2.278752963690878208e-01 8.484462038376049398e-01 0.000000000000000000e+00
-7.874848991489374894e-01 5.628341988698785103e-01 0.000000000000000000e+00
-1.029324379077447421e-01 1.000249455557578493e+00 0.000000000000000000e+00
2.545050883957228893e-01 -2.129799964815076718e-01 1.000000000000000000e+00
7.075272482135233632e-02 -1.472006188892888701e-01 1.000000000000000000e+00
1.396375256924054176e+00 -5.187877985742568310e-01 1.000000000000000000e+00
1.952820573718032415e+00 -1.742933126744922873e-02 1.000000000000000000e+00
-1.068769056457075095e-01 1.019548135893963758e+00 0.000000000000000000e+00
-3.965565852686014914e-02 1.066802179091771219e+00 0.000000000000000000e+00
1.831190725432424171e-01 -1.498147526633233639e-01 1.000000000000000000e+00
-9.725985994259600531e-01 8.656046925597474240e-02 0.000000000000000000e+00
-6.350323328669290612e-01 8.378997767153727461e-01 0.000000000000000000e+00
1.301083495842392801e-01 7.411325109802630040e-02 1.000000000000000000e+00
-8.666916499670465068e-01 1.216679597266124013e-01 0.000000000000000000e+00
1.670827436637908558e+00 -1.948735367055544898e-01 1.000000000000000000e+00
-7.329493771109331091e-01 7.862248664163595802e-01 0.000000000000000000e+00
-7.312711059774628097e-01 6.164532225888088579e-01 0.000000000000000000e+00
-8.379846281265178609e-01 4.279939325417682072e-01 0.000000000000000000e+00
-3.117555949587281217e-01 8.973570768181877710e-01 0.000000000000000000e+00
-5.802324667454902829e-02 1.049987686951057819e+00 0.000000000000000000e+00
1.711285380432895908e-01 -1.234421918749542546e-02 1.000000000000000000e+00
1.124113060856102297e-01 9.101885116998664760e-01 0.000000000000000000e+00
8.526841603554751181e-01 4.399558774988003851e-01 0.000000000000000000e+00
6.513649604553121975e-02 3.963465805452272561e-01 1.000000000000000000e+00
-8.718441623601811408e-01 4.065498157308660154e-01 0.000000000000000000e+00
6.678902615132126241e-02 4.708576077979843011e-01 1.000000000000000000e+00
8.408010685961093689e-01 -4.529707212039368325e-01 1.000000000000000000e+00
5.463794034816614742e-01 8.435592967447244073e-01 0.000000000000000000e+00
7.854847463008620689e-01 -4.519974800685397920e-01 1.000000000000000000e+00
-4.196467965711944692e-01 8.174994214765585188e-01 0.000000000000000000e+00
5.787256084501533060e-01 -4.055526526538264509e-01 1.000000000000000000e+00
1.685594371401486491e+00 -3.068138504680830714e-01 1.000000000000000000e+00
-2.678747785646219404e-01 1.031243385169599458e+00 0.000000000000000000e+00
5.679813877211891127e-01 -2.530059165703019142e-01 1.000000000000000000e+00
-5.032069332672957085e-01 7.921700572030886400e-01 0.000000000000000000e+00
-9.141203222306889531e-01 5.058558628403585500e-01 0.000000000000000000e+00
1.187716834522530407e+00 -4.915069222508781088e-01 1.000000000000000000e+00
7.340114631164417203e-01 6.801794045360974872e-01 0.000000000000000000e+00
1.847506391153369787e+00 1.012563192054934114e-01 1.000000000000000000e+00
3.148413649882217391e-01 -2.144804841078374880e-01 1.000000000000000000e+00
1.650149029551189583e+00 -3.402248724002447933e-01 1.000000000000000000e+00
9.965169057251181961e-01 6.224139029631381437e-02 0.000000000000000000e+00
2.587257210408143715e-01 -1.252251435243809108e-01 1.000000000000000000e+00
-6.725531620316092807e-02 5.647423960409949650e-01 1.000000000000000000e+00
2.623806621920370397e-01 -4.396034829090146312e-01 1.000000000000000000e+00
7.052511565489384404e-01 6.020516326299847343e-01 0.000000000000000000e+00
6.940499176353323585e-02 2.310521277689910058e-01 1.000000000000000000e+00
-7.054849467104409300e-01 7.296387407199568242e-01 0.000000000000000000e+00
1.114801825017063264e+00 -6.426909207858497730e-01 1.000000000000000000e+00
-9.406483923362332078e-01 1.641585048244999512e-01 0.000000000000000000e+00
1.289068662612117500e+00 -5.498245061647631937e-01 1.000000000000000000e+00
3.159457233630358908e-01 9.713061680086866323e-01 0.000000000000000000e+00
1.600464134946986694e-01 -5.662182675183605879e-02 1.000000000000000000e+00
1.513787847463982539e+00 -4.364924032287929023e-01 1.000000000000000000e+00
-1.054689816754843301e+00 1.085688939741966952e-01 0.000000000000000000e+00
4.380099851298419056e-01 -3.425893532772595340e-01 1.000000000000000000e+00
8.651789253913195754e-01 2.222754918660004575e-01 0.000000000000000000e+00
1.970414220689058915e+00 4.896910195086286444e-01 1.000000000000000000e+00
5.049233571789989439e-01 -3.925195981536309109e-01 1.000000000000000000e+00
6.235347592036890596e-01 6.742526768446479579e-01 0.000000000000000000e+00
-5.943487154961167862e-01 6.652703536137993812e-01 0.000000000000000000e+00
-1.018782884894849639e-01 9.211018996033539796e-01 0.000000000000000000e+00
1.324416240414912016e+00 -5.318243727903249063e-01 1.000000000000000000e+00
1.818747353695992497e-01 1.016469316172149195e+00 0.000000000000000000e+00
2.164730479508144567e-01 7.806856769443476507e-01 0.000000000000000000e+00
-6.838674314555621692e-01 7.762019832713296097e-01 0.000000000000000000e+00
-3.007379318904614962e-01 8.174371289391950679e-01 0.000000000000000000e+00
-6.946888063528847690e-01 6.051769412032438344e-01 0.000000000000000000e+00
9.130524904681813769e-01 2.105026030958992433e-01 0.000000000000000000e+00
-9.285326263603435604e-02 4.491219073751438751e-02 1.000000000000000000e+00
2.072628926509975322e+00 5.184826690545119021e-01 1.000000000000000000e+00
1.731695192861915977e+00 -2.767898033552800285e-01 1.000000000000000000e+00
1.078324522241166816e+00 1.744376163201766250e-01 0.000000000000000000e+00
-8.901915241676764401e-01 5.536245968305461007e-01 0.000000000000000000e+00
-3.716063756291412279e-01 1.090003359029633634e+00 0.000000000000000000e+00
1.755207578669012447e+00 -2.005430359107880089e-01 1.000000000000000000e+00
9.560470469717600173e-01 -5.797340899298869532e-02 0.000000000000000000e+00
1.411291703503191997e+00 -5.401436363080206471e-01 1.000000000000000000e+00
1.451881612446873915e-01 9.024218688431886459e-01 0.000000000000000000e+00
-9.958432770198822892e-01 1.853814538345656959e-01 0.000000000000000000e+00
3.548738910278078640e-01 1.134969095884580170e+00 0.000000000000000000e+00
5.008565192548972700e-01 -2.144001823495247372e-01 1.000000000000000000e+00
-6.779437196499680240e-01 5.243359793359750887e-01 0.000000000000000000e+00
6.762433260326738971e-01 -3.713758881229362041e-01 1.000000000000000000e+00
1.788039636898179074e-01 4.281431198258037196e-02 1.000000000000000000e+00
1.241616427514823595e+00 -5.952601224880136321e-01 1.000000000000000000e+00
3.393745973252521586e-01 8.964677078034899438e-01 0.000000000000000000e+00
4.423893195024017899e-01 -3.137453479876904372e-01 1.000000000000000000e+00
1.742223108933556031e+00 -3.028810662598961922e-01 1.000000000000000000e+00
-7.337609679923750017e-01 5.563971206652467139e-01 0.000000000000000000e+00
-9.381050030411378637e-01 1.841090488140424419e-01 0.000000000000000000e+00
9.917150178711178210e-01 4.809196814194622860e-01 0.000000000000000000e+00
2.891760188896461692e-01 1.079021445118056644e+00 0.000000000000000000e+00
-1.149832944782433142e+00 2.642860868422929888e-01 0.000000000000000000e+00
-1.456269771600250326e-02 4.842528319854731977e-01 1.000000000000000000e+00
1.890075381670135224e+00 3.699023843317713611e-01 1.000000000000000000e+00
1.991112441225310503e+00 5.892754386519132720e-02 1.000000000000000000e+00
6.536852532776755709e-01 -4.035593382645248361e-01 1.000000000000000000e+00
-9.333195910057229261e-01 3.966464955590390251e-01 0.000000000000000000e+00
2.687675689475018670e-01 9.183098022286820816e-01 0.000000000000000000e+00
6.269802176736259947e-01 7.401924214106605504e-01 0.000000000000000000e+00
2.098564892720072295e-01 -1.892507830628222809e-01 1.000000000000000000e+00
5.724928937289026631e-01 -3.384749124154131650e-01 1.000000000000000000e+00
1.760691172943712246e+00 -1.462257193514167053e-01 1.000000000000000000e+00
-3.189767577294150280e-01 1.018702119994021826e+00 0.000000000000000000e+00
-6.013496471021496648e-01 7.765815639966708872e-01 0.000000000000000000e+00
1.586608815623238744e+00 -4.266639371118918778e-01 1.000000000000000000e+00
-9.029101676974060631e-01 5.356246988847104262e-01 0.000000000000000000e+00
1.939287809942448426e+00 3.341074913567607663e-01 1.000000000000000000e+00
1.038000306474464285e+00 1.939691922732117157e-01 0.000000000000000000e+00
-9.734249851901799477e-01 1.339394382267708739e-01 0.000000000000000000e+00
2.806156473052980882e-01 9.809170852139006413e-01 0.000000000000000000e+00
2.065554526566288907e+00 1.776746051344146038e-01 1.000000000000000000e+00
1.108778612131710695e+00 -4.674232881924171301e-01 1.000000000000000000e+00
1.180997608737223814e+00 -6.314824152773533816e-01 1.000000000000000000e+00
8.108072826125699573e-01 6.662588957378564603e-01 0.000000000000000000e+00
-6.939102466313014361e-02 2.075323831864571145e-01 1.000000000000000000e+00
8.160588857792756556e-01 5.961201394623926175e-01 0.000000000000000000e+00
6.272502978666055773e-01 7.930041038568804712e-01 0.000000000000000000e+00
-1.016706411242561003e+00 4.913131039915982212e-01 0.000000000000000000e+00
4.665310835548203139e-02 -3.374264101821843054e-02 1.000000000000000000e+00
-3.001494259134098730e-01 9.066790648779938788e-01 0.000000000000000000e+00
8.963630723898751151e-01 -4.912829682939111042e-01 1.000000000000000000e+00
2.074638360755406197e+00 2.293767459043297707e-01 1.000000000000000000e+00
-1.913735793634704641e-01 9.064878854320939094e-01 0.000000000000000000e+00
-1.024374091513028384e+00 1.812672083426476732e-01 0.000000000000000000e+00
1.616322128008996994e+00 -2.504950801890423184e-01 1.000000000000000000e+00
8.611433772815076937e-01 6.431684676180756677e-01 0.000000000000000000e+00
1.566141379929188560e+00 -3.121295109141898338e-01 1.000000000000000000e+00
1.937049600098438573e-01 9.589379761887000253e-01 0.000000000000000000e+00
-9.383248190884608819e-01 4.388088044005491462e-01 0.000000000000000000e+00
7.257377598229169946e-03 3.708768909127993507e-01 1.000000000000000000e+00
-1.552397379299966240e-01 9.798256564709433292e-01 0.000000000000000000e+00
-8.133988182564511060e-01 4.260311678898245358e-01 0.000000000000000000e+00
1.877999645534311757e+00 1.259077902686095152e-01 1.000000000000000000e+00
2.655267546139112311e-01 3.230838495853667613e-02 1.000000000000000000e+00
-5.335950989279698575e-01 7.378926671086665223e-01 0.000000000000000000e+00
1.017327343247660165e+00 2.828667671411254081e-01 0.000000000000000000e+00
-2.757544701361318573e-01 1.003117724030502256e+00 0.000000000000000000e+00
4.453744694535567428e-01 -4.576608719932448999e-01 1.000000000000000000e+00
2.108768455119309770e+00 3.258779040283869000e-01 1.000000000000000000e+00
8.045358311348613789e-01 3.950443437870508889e-01 0.000000000000000000e+00
7.572008286298153035e-01 -6.317644083432296664e-01 1.000000000000000000e+00
1.970454744112755119e+00 1.012184644685228535e-01 1.000000000000000000e+00
-3.017828975082059162e-01 9.496197584344552300e-01 0.000000000000000000e+00
8.809614554882702064e-01 5.703929458615732973e-01 0.000000000000000000e+00
1.921799787416488492e+00 4.597994527917180496e-02 1.000000000000000000e+00
5.531921317387267223e-01 -4.495415255166733681e-01 1.000000000000000000e+00
-9.762479929664834577e-01 5.147153757636244720e-01 0.000000000000000000e+00
1.435700019595056220e+00 -3.395457958079993177e-01 1.000000000000000000e+00
1.995747852474421824e-01 1.142139063684820405e-01 1.000000000000000000e+00
2.070019480807752998e+00 -3.643438321295376647e-02 1.000000000000000000e+00
-1.678615678982643133e-01 8.994303519005784064e-01 0.000000000000000000e+00
5.711008608946828158e-01 8.979403962123067018e-01 0.000000000000000000e+00
4.905156425516370433e-01 7.065854647663307730e-01 0.000000000000000000e+00
6.608644124591315228e-01 -4.623476851405109445e-01 1.000000000000000000e+00
4.361716437533311175e-01 9.338962732481800311e-01 0.000000000000000000e+00
2.085777094507889728e+00 -6.811723946132761109e-02 1.000000000000000000e+00
-5.348750973852337554e-01 7.330055598216653756e-01 0.000000000000000000e+00
1.632706163605022631e+00 -2.425547354965490454e-02 1.000000000000000000e+00
-8.916185039535003964e-01 2.780644571441497348e-01 0.000000000000000000e+00
1.852196903018586416e-01 9.843153284638156419e-01 0.000000000000000000e+00
1.834296932546527037e+00 -3.533150781302623611e-01 1.000000000000000000e+00
1.980045057772431782e+00 9.597796764915930701e-02 1.000000000000000000e+00
1.883306164372074987e+00 2.602986667371130491e-01 1.000000000000000000e+00
1.308841025928052737e+00 -4.228474817558015575e-01 1.000000000000000000e+00
-7.628260255108008092e-01 5.653059876104845616e-01 0.000000000000000000e+00
2.105948611785017910e+00 4.509528462274269289e-01 1.000000000000000000e+00
-1.057795017724804776e+00 5.910795875659438092e-01 0.000000000000000000e+00
-4.855483402446493235e-01 6.644599636525105879e-01 0.000000000000000000e+00
1.611703838810033318e+00 -3.141465014080064844e-01 1.000000000000000000e+00
8.948057378432417996e-01 -3.601660829002946707e-01 1.000000000000000000e+00
2.059522819380386061e+00 3.076012483239427553e-01 1.000000000000000000e+00
1.049944352498045408e+00 -5.562986406676142526e-01 1.000000000000000000e+00
1.940497797380768552e-01 4.606312224975227937e-02 1.000000000000000000e+00
5.251597801345803118e-01 -3.576642959278906186e-01 1.000000000000000000e+00
-5.248859670603369665e-01 1.158154995903478035e+00 0.000000000000000000e+00
-1.501249789820666147e-01 9.505372956664700501e-01 0.000000000000000000e+00
5.057605764221403399e-01 -4.672721846657025280e-01 1.000000000000000000e+00
1.803093272600873931e+00 -4.137761369613911222e-02 1.000000000000000000e+00
9.588325856045584739e-02 9.342686612704875770e-01 0.000000000000000000e+00
8.136072108527838687e-01 -4.039825188602704231e-01 1.000000000000000000e+00
4.429693064408304903e-02 1.885266527714178908e-01 1.000000000000000000e+00
9.632147627433581549e-01 2.098249908872217018e-01 0.000000000000000000e+00
-4.362126892998039462e-01 9.498537957931887377e-01 0.000000000000000000e+00
1.949436412345562086e+00 3.294570975832351589e-01 1.000000000000000000e+00
-9.508706761426414245e-01 8.199432315537408256e-03 0.000000000000000000e+00
1.614711076471933016e+00 -2.483823910198825202e-01 1.000000000000000000e+00
1.138368194897960040e+00 -6.676781450188086220e-01 1.000000000000000000e+00
1.652839657591689271e-01 9.489715333885195836e-01 0.000000000000000000e+00
4.752623750594962559e-01 -3.800598316381804676e-01 1.000000000000000000e+00
1.515158233447140512e+00 -3.645139589935738611e-01 1.000000000000000000e+00
1.714048119858871733e+00 -2.491549053663944524e-01 1.000000000000000000e+00
1.025618112739775933e-01 1.609627236202265665e-02 1.000000000000000000e+00
6.989265664673318668e-01 9.586566824403712772e-01 0.000000000000000000e+00
1.540375025112995733e+00 -4.048732198186929532e-01 1.000000000000000000e+00
1.519029925155335636e+00 -3.036116764491836317e-01 1.000000000000000000e+00
1.860285850481534498e+00 1.612613756216433603e-01 1.000000000000000000e+00
8.829259824999505790e-01 -5.146662666681527387e-01 1.000000000000000000e+00
6.333717332996928739e-01 7.242918420885369191e-01 0.000000000000000000e+00
-1.430151541474543320e-01 5.549425380842154532e-01 1.000000000000000000e+00
2.040239471988819719e+00 2.526902567122447096e-01 1.000000000000000000e+00
8.409897362706534318e-01 5.701137524827479819e-01 0.000000000000000000e+00
6.651087512434684934e-02 8.722507425513252866e-01 0.000000000000000000e+00
4.462273604715767394e-01 -5.452672004584516730e-01 1.000000000000000000e+00
1.838052870790331417e+00 3.644463399439018536e-01 1.000000000000000000e+00
1.576993437869241621e+00 -5.285097464865234906e-02 1.000000000000000000e+00
1.129601904801852186e+00 -3.925673790108116235e-01 1.000000000000000000e+00
4.083993777042866924e-01 -2.088092626907056548e-01 1.000000000000000000e+00
-8.337280768819346211e-01 6.976224845207106284e-01 0.000000000000000000e+00
1.543414081824047601e+00 -2.954930157421489234e-01 1.000000000000000000e+00
1.286618342410097149e-01 8.865955546084779426e-01 0.000000000000000000e+00
1.082927207253503665e+00 9.079319597857174462e-02 0.000000000000000000e+00
-9.632881843439923264e-01 4.680738937106428965e-01 0.000000000000000000e+00
7.860026858058596355e-01 5.759073481940223393e-01 0.000000000000000000e+00
1.839141346272754163e+00 -4.626445312271070254e-01 1.000000000000000000e+00
1.300283458389601965e-01 4.092962269528507835e-02 1.000000000000000000e+00
-5.988580217982566456e-01 9.488991951222490728e-01 0.000000000000000000e+00
4.992223697579933894e-01 9.408159841739752727e-01 0.000000000000000000e+00
1.978019080056281354e-01 -2.060508996555771022e-02 1.000000000000000000e+00
-7.141648305465830848e-01 7.199213823796014600e-01 0.000000000000000000e+00
2.406704366744494283e-01 -1.277823164451135640e-01 1.000000000000000000e+00
6.584222455676618235e-01 -4.632744840377291951e-01 1.000000000000000000e+00
-3.688012506807128443e-02 8.423230844926558047e-01 0.000000000000000000e+00
8.989562289515333759e-01 4.645619991209509747e-01 0.000000000000000000e+00
5.038796445320572470e-01 8.572007917702108015e-01 0.000000000000000000e+00
1.292763353645285385e-01 9.243598555469385580e-01 0.000000000000000000e+00
-3.654669705988320971e-01 1.012675331518489319e+00 0.000000000000000000e+00
1.036576750929139479e+00 -3.524359956185543208e-01 1.000000000000000000e+00
9.571288741605918915e-01 3.751800013850604687e-01 0.000000000000000000e+00
-9.836341640325024782e-01 2.830432594987036810e-02 0.000000000000000000e+00
-2.968371339820182753e-01 1.026767497058432621e+00 0.000000000000000000e+00
1.725496566407972665e+00 -2.512122416432527316e-01 1.000000000000000000e+00
3.573682740901039656e-01 -3.329325957258196800e-01 1.000000000000000000e+00
-1.377235332906641962e-01 8.928404503316674790e-01 0.000000000000000000e+00
1.685608254685508622e-01 -5.113913851680406547e-02 1.000000000000000000e+00
-8.208396779828447398e-01 5.916736902867884007e-01 0.000000000000000000e+00
3.731719787078344730e-01 -2.344254629745916030e-01 1.000000000000000000e+00
1.024219473341072772e+00 -4.678352259190498574e-01 1.000000000000000000e+00
2.536845219339284307e-02 9.979781845282372776e-01 0.000000000000000000e+00
7.325394005948843157e-01 6.354203919689964675e-01 0.000000000000000000e+00
7.720840280500831376e-01 -4.830054450031118218e-01 1.000000000000000000e+00
-3.536582372355383426e-03 2.667677697081923260e-01 1.000000000000000000e+00
-1.258860696702022719e-01 9.166843278878901158e-01 0.000000000000000000e+00
1.024410202814385107e+00 1.947141865928462556e-01 0.000000000000000000e+00
-9.158700454694450599e-01 5.957901606061533073e-01 0.000000000000000000e+00
2.041097072603213491e-01 -1.324874752194019345e-01 1.000000000000000000e+00
9.844481830419928858e-01 2.846202303401320632e-01 0.000000000000000000e+00
4.310221776037116426e-01 8.392198666357916226e-01 0.000000000000000000e+00
9.661066725235174513e-01 1.870796996504218157e-01 0.000000000000000000e+00
1.770220423040138158e+00 -1.126225593220373522e-01 1.000000000000000000e+00
-3.260828272929058858e-02 3.207713512033259495e-01 1.000000000000000000e+00
6.043526075348581994e-01 -4.639697346473975470e-01 1.000000000000000000e+00
9.925579017993508835e-01 4.985658074686183383e-01 0.000000000000000000e+00
-1.917002372893085449e-01 1.097002728169716335e+00 0.000000000000000000e+00
1.942157656668854537e+00 1.380740836087506473e-01 1.000000000000000000e+00
6.700951707575442118e-01 -3.878695273233344620e-01 1.000000000000000000e+00
8.702777921233988412e-01 -5.400584064377575988e-01 1.000000000000000000e+00
3.877451429989161591e-01 9.655135597316024665e-01 0.000000000000000000e+00
8.573856121451405299e-01 4.152712496419991295e-01 0.000000000000000000e+00
8.736054371889415138e-03 2.426139887173159315e-01 1.000000000000000000e+00
8.671981620410621483e-01 -4.179164863601037005e-01 1.000000000000000000e+00
-3.217113968448087058e-01 8.729013957074236441e-01 0.000000000000000000e+00
1.278055753437717934e-01 -6.286212425760454026e-03 1.000000000000000000e+00
-7.409462200571887980e-01 7.594071363908027061e-01 0.000000000000000000e+00
-8.482647742369507915e-01 6.393142638843145598e-01 0.000000000000000000e+00
-6.325363377343721227e-01 7.356317703063136593e-01 0.000000000000000000e+00
3.850621933254654849e-01 -1.702919092500672638e-01 1.000000000000000000e+00
1.972288153218920703e+00 6.055908008272541387e-01 1.000000000000000000e+00
-5.951893606566428518e-01 6.601519459705958992e-01 0.000000000000000000e+00
-9.542744296367069445e-01 -9.228050032005633008e-02 0.000000000000000000e+00
1.597251701808232727e-01 -7.100398299780449896e-02 1.000000000000000000e+00
9.052889733311573206e-01 -4.314461957060804487e-01 1.000000000000000000e+00
1.560163591729334831e+00 -1.656671938450982040e-01 1.000000000000000000e+00
9.313738561239408575e-01 5.293017758973602715e-01 0.000000000000000000e+00
5.773223399108836640e-01 -3.413810083869842638e-01 1.000000000000000000e+00
-2.318586811817737181e-01 1.048121253432433786e+00 0.000000000000000000e+00
-9.118848781392981939e-01 3.904476405931871508e-01 0.000000000000000000e+00
-7.117917716531839689e-01 6.128736942706899393e-01 0.000000000000000000e+00
5.240953776355121718e-01 -4.722037055657235527e-01 1.000000000000000000e+00
4.648139126012954536e-01 8.627416890429757679e-01 0.000000000000000000e+00
2.645827993702149494e-01 1.043213430001995068e+00 0.000000000000000000e+00
1.203340849885466968e+00 -5.779035477627737505e-01 1.000000000000000000e+00
1.825540298517136950e+00 1.254299052348963051e-01 1.000000000000000000e+00
1.880121540333462793e+00 4.149537118381237955e-01 1.000000000000000000e+00
6.170942174441816919e-01 -5.417878875548735040e-01 1.000000000000000000e+00
2.879776701684936407e-02 1.214136119000322755e-01 1.000000000000000000e+00
1.688432683117424782e+00 -1.685298283725204516e-01 1.000000000000000000e+00
1.732239524136114595e+00 -1.254256659300628796e-01 1.000000000000000000e+00
1.958339339353491804e+00 2.545057928332859487e-01 1.000000000000000000e+00
3.654806267814911247e-01 9.589478181970778614e-01 0.000000000000000000e+00
1.919928854212495040e+00 4.267947810631869121e-01 1.000000000000000000e+00
2.727972143339375544e-01 8.691558748683858582e-01 0.000000000000000000e+00
-8.693954307503715118e-01 3.583427730597233407e-01 0.000000000000000000e+00
1.705890584805676014e+00 3.724921059306446347e-02 1.000000000000000000e+00
1.543238793678243459e+00 -3.620371929168479941e-01 1.000000000000000000e+00
7.899327384829387677e-01 6.219350526310181426e-04 0.000000000000000000e+00
4.830699138287397609e-02 9.605192847106583942e-01 0.000000000000000000e+00
-9.439397347649028935e-01 4.750876851546089741e-01 0.000000000000000000e+00
1.839009941288588523e+00 -4.150810188103361276e-02 1.000000000000000000e+00
5.140101323167703962e-01 -3.632979694636058743e-01 1.000000000000000000e+00
1.933723743880835788e-01 -1.228680406776631595e-01 1.000000000000000000e+00
-2.740053945759753085e-02 1.040474675201587873e+00 0.000000000000000000e+00
-7.111465217462491217e-02 9.546976110767395607e-01 0.000000000000000000e+00
-6.647150037673786871e-01 5.631584558903175441e-01 0.000000000000000000e+00
-8.933068468230774828e-01 3.212045566878020675e-01 0.000000000000000000e+00
6.809165130557411905e-01 6.013327797929162166e-01 0.000000000000000000e+00
4.149025173408062150e-02 1.385330293456990269e-01 1.000000000000000000e+00
1.112195560239410685e-01 9.294932914015106018e-01 0.000000000000000000e+00
-9.603443657815790013e-01 3.323000409588674486e-01 0.000000000000000000e+00
9.490890423787685659e-01 1.167176895240676082e-01 0.000000000000000000e+00
2.091283183006260149e+00 4.605203039009623800e-01 1.000000000000000000e+00
-8.506282439703022336e-01 4.091498841244791684e-01 0.000000000000000000e+00
1.159727134309899155e-01 8.875705773488573591e-02 1.000000000000000000e+00
1.289376178022970665e+00 -5.713010158947828820e-01 1.000000000000000000e+00
1.492826272664929121e-01 8.280937220255335518e-01 0.000000000000000000e+00
7.359233526836896910e-01 -5.135750675020402944e-01 1.000000000000000000e+00
1.144210345615208846e+00 -1.919635332617239398e-02 0.000000000000000000e+00
1.275603496443819540e-02 9.115782482598795422e-01 0.000000000000000000e+00
1.314091033440499601e+00 -4.330557408600507197e-01 1.000000000000000000e+00
1.158000033238760773e+00 6.092418530064142024e-02 0.000000000000000000e+00
-4.343548803745874709e-01 9.390017986688553586e-01 0.000000000000000000e+00
8.754595052894385832e-02 9.806321148837603419e-01 0.000000000000000000e+00
6.158273107036246197e-01 -5.193134000860113453e-01 1.000000000000000000e+00
-1.047643333579632241e+00 3.546967284306665191e-02 0.000000000000000000e+00
1.706647951818587083e+00 -2.850099016446220324e-01 1.000000000000000000e+00
1.904861479705213911e+00 3.537604955023556652e-01 1.000000000000000000e+00
2.367025065871014231e-02 4.143727376878454383e-01 1.000000000000000000e+00
1.918629564825181433e+00 -8.448388674808260390e-02 1.000000000000000000e+00
3.478778489118010409e-02 4.603331686362088782e-01 1.000000000000000000e+00
1.886479130716909758e+00 1.591016157812561449e-01 1.000000000000000000e+00
2.554380785129621301e-01 -2.595249726204431062e-01 1.000000000000000000e+00
1.872533699891198777e+00 1.621267474060189562e-01 1.000000000000000000e+00
9.521694547415879839e-01 5.179046338216060086e-01 0.000000000000000000e+00
-9.304706524989394545e-01 2.194739484496706916e-01 0.000000000000000000e+00
1.745466118037417802e+00 -2.265077050627284094e-01 1.000000000000000000e+00
1.792779207833945287e+00 -3.396891543424209736e-01 1.000000000000000000e+00
1.978009822497220682e+00 1.362603720916500671e-01 1.000000000000000000e+00
1.406350666550010287e+00 -4.466430131836951478e-01 1.000000000000000000e+00
1.052096126566865131e+00 -6.285364308762795282e-01 1.000000000000000000e+00
3.703293558764425564e-01 -2.293802246269269485e-01 1.000000000000000000e+00
-9.735517645926952124e-01 8.881476352855419143e-02 0.000000000000000000e+00
-3.314136302522477928e-01 1.117708620353196514e+00 0.000000000000000000e+00
1.347637328043794547e+00 -5.109217380030959266e-01 1.000000000000000000e+00
-1.730313240368022976e-01 1.147658699435846641e+00 0.000000000000000000e+00
8.605954864465449328e-01 3.045796971848328538e-01 0.000000000000000000e+00
1.688153197632493496e+00 -2.380551856151088552e-01 1.000000000000000000e+00
1.659709283972546912e+00 -3.425554001181044250e-01 1.000000000000000000e+00
6.040074409300423275e-01 7.111462612792637250e-01 0.000000000000000000e+00
1.706783517789314253e-01 1.197178536262529513e-01 1.000000000000000000e+00
7.238581341838296046e-01 9.479983780361582735e-01 0.000000000000000000e+00
1.847814145856224499e+00 1.929836361123926647e-05 1.000000000000000000e+00
1.373855138434765255e+00 -4.433621357069589264e-01 1.000000000000000000e+00
1.324508487514188815e+00 -3.321745902028922504e-01 1.000000000000000000e+00
5.635116934769617281e-01 9.866378629377683396e-01 0.000000000000000000e+00
1.085740113982604366e-01 3.039777152194809151e-01 1.000000000000000000e+00
-3.799968671465488446e-01 8.127042819282064290e-01 0.000000000000000000e+00
5.972172303532211624e-01 8.551155670057074554e-01 0.000000000000000000e+00
2.643631090754083868e-01 -4.830343247965185327e-01 1.000000000000000000e+00
-6.703229136443623615e-01 7.255023803696014628e-01 0.000000000000000000e+00
-2.374348510521115951e-01 1.195285015704051323e+00 0.000000000000000000e+00
9.458777731828037494e-01 1.799721278935865199e-01 0.000000000000000000e+00
9.349665989162279089e-01 4.631142295296514222e-02 0.000000000000000000e+00
-9.215294863194172237e-01 6.804392559746593738e-01 0.000000000000000000e+00
3.342309077576645082e-01 9.925866464865642502e-01 0.000000000000000000e+00
2.034487715089590143e+00 5.136461556717699661e-01 1.000000000000000000e+00
1.017528872622796232e+00 -1.163450315644385669e-01 0.000000000000000000e+00
-9.604147219004988134e-01 1.367919064140545593e-01 0.000000000000000000e+00
2.404087266850157834e-02 -2.693417303494934079e-02 1.000000000000000000e+00
1.804784860067147889e+00 4.929272254966234057e-02 1.000000000000000000e+00
1.007376099416042781e+00 4.303108547029838582e-01 0.000000000000000000e+00
-1.093146373188954135e+00 3.639926933746244764e-01 0.000000000000000000e+00
-4.104538377402988658e-01 9.818714116709144069e-01 0.000000000000000000e+00
8.579029740691732631e-01 -5.891743645848557254e-01 1.000000000000000000e+00
8.199485298752257068e-01 5.521118726871064863e-01 0.000000000000000000e+00
1.994746386341941680e+00 2.784399384288634982e-01 1.000000000000000000e+00
1.138164453096186746e+00 -4.301761884260046909e-01 1.000000000000000000e+00
1.477497683475235357e+00 -3.124245988990349554e-01 1.000000000000000000e+00
-4.495272623088784059e-01 8.900430403558330372e-01 0.000000000000000000e+00
1.027930884573708514e+00 -3.460247048056593888e-01 1.000000000000000000e+00
-7.988291339247025613e-01 5.793526797411535645e-01 0.000000000000000000e+00
7.017950448184068213e-01 6.946669448722107010e-01 0.000000000000000000e+00
2.494391873460919951e-01 1.000240404715344811e+00 0.000000000000000000e+00
-3.794540020801512314e-01 7.830086388509781559e-01 0.000000000000000000e+00
1.620059943407976988e+00 -4.626794129852970783e-01 1.000000000000000000e+00
7.299601228837167000e-01 7.482512701223121843e-01 0.000000000000000000e+00
-6.834996086177204111e-01 8.322360471900801526e-01 0.000000000000000000e+00
-8.621341485799767224e-01 2.603664658598086462e-02 0.000000000000000000e+00
2.431948832399964400e-01 1.019057712691927797e+00 0.000000000000000000e+00
7.108293141001732485e-01 6.781160952108216122e-01 0.000000000000000000e+00
-8.371018001371034467e-01 4.123678391041474267e-01 0.000000000000000000e+00
-4.325624906557290483e-01 1.016056124557037865e+00 0.000000000000000000e+00
4.996714970257344901e-01 -1.857643949399969685e-01 1.000000000000000000e+00
-2.512038799119097332e-01 9.284909735305920675e-01 0.000000000000000000e+00
-8.765925530844745905e-01 1.387698473943437816e-01 0.000000000000000000e+00
1.221057712312817456e-02 1.942096424470322602e-01 1.000000000000000000e+00
6.501565601143087791e-01 7.047182970722704054e-01 0.000000000000000000e+00
4.578668399412638701e-01 9.282562048570837110e-01 0.000000000000000000e+00
-4.894291208288507056e-01 8.845316372992964027e-01 0.000000000000000000e+00
1.110382774252858029e+00 -4.099659800868452608e-01 1.000000000000000000e+00
8.284231387956254578e-01 -5.876410376714862327e-01 1.000000000000000000e+00
1.895086666254385266e-01 -1.942046227041896445e-01 1.000000000000000000e+00
8.873530062666671325e-01 6.333340658203792106e-01 0.000000000000000000e+00
1.217519295401987778e+00 -5.109411101113809917e-01 1.000000000000000000e+00
4.701358009534662430e-01 -3.926217482383100865e-01 1.000000000000000000e+00
1.888975729603657117e+00 1.330743377299684338e-01 1.000000000000000000e+00
-2.501595729243946686e-02 9.556341811293085353e-01 0.000000000000000000e+00
3.807931805314599405e-01 -3.360492790170771515e-01 1.000000000000000000e+00
8.182207047021823332e-01 3.948905882510299059e-01 0.000000000000000000e+00
-6.316691911797701620e-01 8.130226547937968729e-01 0.000000000000000000e+00
1.595828646870290912e+00 -3.419107339762088582e-01 1.000000000000000000e+00
3.890200055022526304e-01 -2.286197725703294770e-01 1.000000000000000000e+00
1.867756581501124113e+00 1.280910289807830615e-01 1.000000000000000000e+00
3.901289379892589615e-01 -3.046886598399793922e-01 1.000000000000000000e+00
8.758207258409033136e-01 1.629657647340115867e-01 0.000000000000000000e+00
1.463897965942999813e+00 -3.704879660771859262e-01 1.000000000000000000e+00
1.167318247583072788e+00 1.926608302921175297e-01 0.000000000000000000e+00
1.515582431300266930e-01 -7.339012160446879707e-02 1.000000000000000000e+00
-1.051563773954224956e-01 1.695834581672658881e-02 1.000000000000000000e+00
-3.765218214467230817e-01 9.406995379032072613e-01 0.000000000000000000e+00
5.932058749477858717e-01 9.218740835708112424e-01 0.000000000000000000e+00
1.325897516192767189e-02 1.016951456453486280e+00 0.000000000000000000e+00
-9.806866500507749329e-01 4.278762337554029016e-01 0.000000000000000000e+00
1.559328883374408337e+00 -3.922732961338046276e-01 1.000000000000000000e+00
7.584606849396149375e-01 6.077625736883326413e-01 0.000000000000000000e+00
-9.417904005148767244e-01 5.937792382839987559e-02 0.000000000000000000e+00
3.904976790256097785e-01 -4.645457981886652599e-01 1.000000000000000000e+00
1.778309370049448335e+00 -3.100856096877145918e-01 1.000000000000000000e+00
-1.882077130035667012e-02 4.408066862159912280e-01 1.000000000000000000e+00
1.902031952298033124e+00 2.932711546043595963e-01 1.000000000000000000e+00
2.566259407729664099e-01 9.132174963927338629e-01 0.000000000000000000e+00
1.470176005735937208e+00 -1.676394113285663012e-01 1.000000000000000000e+00
1.457063518441570893e-01 1.474540907099875231e-01 1.000000000000000000e+00
-5.915471500540345762e-01 7.735930449554037081e-01 0.000000000000000000e+00
-6.701482022291885277e-02 9.091637297068017043e-01 0.000000000000000000e+00
9.329934285057910337e-01 5.767093085544543474e-01 0.000000000000000000e+00
1.205613506253703004e+00 -4.192009451625113847e-01 1.000000000000000000e+00
2.572963524031711136e-01 -3.778628122994099336e-01 1.000000000000000000e+00
9.942095732417473020e-01 3.302544340284142010e-01 0.000000000000000000e+00
9.720151139676089791e-01 1.543371014981306799e-01 0.000000000000000000e+00
2.643261888260131642e-01 9.395247379605971005e-01 0.000000000000000000e+00
1.927354462578393157e+00 -4.886072973107984108e-02 1.000000000000000000e+00
2.123543058010942119e-01 9.888800856885463508e-01 0.000000000000000000e+00
1.627928340443655530e+00 -2.922010901923055015e-01 1.000000000000000000e+00
9.122948214597385030e-01 4.917779679358016409e-01 0.000000000000000000e+00
-2.442605089100531313e-01 1.062697385588967869e+00 0.000000000000000000e+00
5.209034157393318543e-01 7.744291637665168260e-01 0.000000000000000000e+00
1.402242440120495814e+00 -4.886218983485895451e-01 1.000000000000000000e+00
9.281636242072532905e-01 4.160188219803532816e-01 0.000000000000000000e+00
7.918515364273619461e-01 4.075180092552405098e-01 0.000000000000000000e+00
1.312255209058559524e+00 -3.001718614425431531e-01 1.000000000000000000e+00
6.200392281936819572e-01 7.137937446368556316e-01 0.000000000000000000e+00
7.452590017201193850e-01 -4.245048795115148321e-01 1.000000000000000000e+00
-3.548422601622233663e-03 1.007925243984148178e+00 0.000000000000000000e+00
5.622183649787076964e-01 -4.899700918489114931e-01 1.000000000000000000e+00
-6.679848727906966266e-01 8.061174125594873230e-01 0.000000000000000000e+00
1.823749999466538707e+00 -7.759592580323189381e-02 1.000000000000000000e+00
1.864885159054889829e+00 1.656358937723123592e-01 1.000000000000000000e+00
1.894616530633592477e+00 -3.701881531643910067e-03 1.000000000000000000e+00
9.567042742632962948e-01 3.533471471338985315e-01 0.000000000000000000e+00
3.680666123647228227e-01 -4.101505639299655726e-01 1.000000000000000000e+00
1.722360125824534904e+00 1.868792415872772006e-02 1.000000000000000000e+00
8.382738183730020776e-01 5.271900127701588668e-01 0.000000000000000000e+00
1.550080961538434221e-01 9.897901319863728897e-01 0.000000000000000000e+00
-2.593011916377492565e-02 2.027915159790176780e-01 1.000000000000000000e+00
8.784271092117273971e-01 -5.674566853732389005e-01 1.000000000000000000e+00
1.981976570863056342e+00 3.099492874705572776e-01 1.000000000000000000e+00
7.838373050983609147e-01 -5.234700772036797733e-01 1.000000000000000000e+00
-3.614470713724506346e-01 9.220825849754362702e-01 0.000000000000000000e+00
-8.575947538072439258e-01 7.380087730464511830e-01 0.000000000000000000e+00
1.322408009566171883e+00 -3.535706022669002357e-01 1.000000000000000000e+00
-9.068136035565836917e-01 3.011938484672292415e-01 0.000000000000000000e+00
3.905173747636078163e-01 3.872777680655764554e-02 1.000000000000000000e+00
1.457600834879688723e-01 2.085820068956618090e-01 1.000000000000000000e+00
-9.703547849133773440e-01 1.113856381891323161e-01 0.000000000000000000e+00
3.440765782491056468e-01 9.572862060563145370e-01 0.000000000000000000e+00
2.536268103630329174e-01 7.310437828604070543e-01 0.000000000000000000e+00
7.085732662171435603e-01 -4.865169249848025346e-01 1.000000000000000000e+00
1.264286329765554218e+00 -3.465360992758672043e-01 1.000000000000000000e+00
-9.317312376786103245e-01 4.076180808970025771e-01 0.000000000000000000e+00
-6.785028688604599623e-01 7.356627368911120568e-01 0.000000000000000000e+00
3.284140207305594195e-01 1.038786813334329873e+00 0.000000000000000000e+00
6.545216650420361271e-01 9.234763298812085353e-01 0.000000000000000000e+00
1.561525264299600479e+00 -3.317061273792981657e-01 1.000000000000000000e+00
-4.405532817709393312e-01 8.513863952621174569e-01 0.000000000000000000e+00
8.486539924411838909e-01 1.688067650076474080e-01 0.000000000000000000e+00
-7.116136625611823030e-01 7.757714937389325049e-01 0.000000000000000000e+00
1.805765725462743276e+00 -2.482612838430301727e-01 1.000000000000000000e+00
6.739137682706232146e-01 6.425501465371367127e-01 0.000000000000000000e+00
6.633743245025774948e-01 -3.964018580119655355e-01 1.000000000000000000e+00
7.104845845888943523e-02 9.530298079487767859e-01 0.000000000000000000e+00
9.518137216958867386e-01 1.268649783256191044e-01 0.000000000000000000e+00
1.677901217764662944e-01 9.281513642367159589e-01 0.000000000000000000e+00
-9.628757053771286323e-01 2.964078352385637327e-01 0.000000000000000000e+00
1.697049272990173829e+00 -9.114691077502817818e-02 1.000000000000000000e+00
1.663003243611147708e+00 -3.617885395512965285e-01 1.000000000000000000e+00
9.443387631376970459e-01 4.555931194657337202e-01 0.000000000000000000e+00
1.068116513180295213e+00 3.151303262352669193e-02 0.000000000000000000e+00
1.559806922342808821e+00 -3.651949847303067043e-01 1.000000000000000000e+00
1.871299170679242785e+00 2.907950287813136359e-01 1.000000000000000000e+00
9.066813742163070122e-01 1.818061749069015964e-01 0.000000000000000000e+00
5.765838140068300088e-01 -2.854054907353517634e-01 1.000000000000000000e+00
3.298837613879749275e-01 -3.066766747357365097e-01 1.000000000000000000e+00
4.381878874117126066e-01 8.901724149587962875e-01 0.000000000000000000e+00
9.105603090206829675e-01 2.683593346971214766e-01 0.000000000000000000e+00
1.130231178050693286e+00 -6.557234673740255371e-01 1.000000000000000000e+00
-9.059408992825809248e-01 2.649216877528875469e-01 0.000000000000000000e+00
-2.534354301621580818e-01 1.369452307955410841e+00 0.000000000000000000e+00
-5.085318403574379253e-01 8.396933377282983502e-01 0.000000000000000000e+00
7.643962389531042678e-01 -4.779889417677039010e-01 1.000000000000000000e+00
9.123600157948184020e-01 4.687319474391669627e-01 0.000000000000000000e+00
1.023139570358057471e+00 -5.908945479627609743e-01 1.000000000000000000e+00
-7.101426120823645105e-02 1.020193475596553601e+00 0.000000000000000000e+00
1.881982143657031203e+00 2.135992334432462725e-01 1.000000000000000000e+00
-3.340594980853014984e-01 7.294395562523643406e-01 0.000000000000000000e+00
1.971055698706348558e+00 6.059579153028117338e-01 1.000000000000000000e+00
-7.172431804577059644e-01 8.106258503349866862e-01 0.000000000000000000e+00
1.982283026251006275e+00 3.921864973320619008e-01 1.000000000000000000e+00
-2.311616649374707566e-01 1.046865988423813620e+00 0.000000000000000000e+00
1.557251833851465816e+00 -1.275478533990518359e-01 1.000000000000000000e+00
1.215465547852817130e+00 -5.185144023297314497e-01 1.000000000000000000e+00
1.314247975694887716e+00 -5.214254761749098632e-01 1.000000000000000000e+00
5.811011397264413958e-01 7.399488295674033767e-01 0.000000000000000000e+00
2.279385912434524486e-01 -2.990375742645168949e-02 1.000000000000000000e+00
5.863650070677992043e-02 5.894941965076229140e-01 1.000000000000000000e+00
-5.732739477976299680e-01 8.122164977158311538e-01 0.000000000000000000e+00
3.260019123897357485e-01 8.699998935224612095e-01 0.000000000000000000e+00
-6.259117616559428665e-01 5.622840506557985618e-01 0.000000000000000000e+00
1.057068559136340458e+00 -3.358027477526736027e-01 1.000000000000000000e+00
-9.176262592773147819e-01 3.781191110060754812e-01 0.000000000000000000e+00
5.093698584240730076e-01 -3.450463873022421857e-01 1.000000000000000000e+00
8.050787564799860574e-01 -3.187712676458904215e-01 1.000000000000000000e+00
3.238606219950259102e-01 -1.419519450979459252e-01 1.000000000000000000e+00
6.842417798488551473e-01 7.239561794776269155e-01 0.000000000000000000e+00
-2.142330428279724530e-01 2.837578434386289206e-01 1.000000000000000000e+00
-3.827939525780023056e-01 7.208121088389038977e-01 0.000000000000000000e+00
1.049546318030750047e+00 -4.611871617388179079e-01 1.000000000000000000e+00
2.554086867300450203e-01 -8.689626997095263594e-02 1.000000000000000000e+00
-9.359955963063615325e-01 2.523960955119148308e-01 0.000000000000000000e+00
1.783503978443551796e+00 -3.582225009329328413e-01 1.000000000000000000e+00
-9.664687225330940157e-01 4.156935744944970645e-01 0.000000000000000000e+00
1.446151958907714752e+00 -2.870527641111284556e-01 1.000000000000000000e+00
2.175227930865270831e-01 -7.769751787010784061e-02 1.000000000000000000e+00
1.643589412497802327e-01 9.176294396565508604e-01 0.000000000000000000e+00
1.839404215726822667e+00 9.427762116662466441e-02 1.000000000000000000e+00
3.367390882739013103e-02 3.372234723452200988e-01 1.000000000000000000e+00
1.123540887627764162e+00 -3.702483566449735752e-01 1.000000000000000000e+00
-5.001044879489371375e-01 9.548515724733975807e-01 0.000000000000000000e+00
1.722491573444897006e-01 4.190776242416536235e-01 1.000000000000000000e+00
-7.918000185046926154e-01 8.956315817351001574e-01 0.000000000000000000e+00
-8.291612640065231243e-01 6.444612285216875236e-01 0.000000000000000000e+00
2.004194053646741303e+00 3.922949976603620770e-01 1.000000000000000000e+00
9.742677352255288969e-01 3.014049531619332756e-01 0.000000000000000000e+00
-5.200612835577453907e-01 7.175460863280629376e-01 0.000000000000000000e+00
1.817107625830327811e+00 2.142313009915463307e-01 1.000000000000000000e+00
1.896145797831511048e-01 8.625171841593050059e-01 0.000000000000000000e+00
1.467640826981078117e+00 -3.791489765778008336e-01 1.000000000000000000e+00
1.513479484146451615e+00 -3.707915103663728118e-01 1.000000000000000000e+00
7.294255418129544366e-02 -3.277031284210162043e-02 1.000000000000000000e+00
1.415249652577696415e-01 9.920830420485667878e-01 0.000000000000000000e+00
-9.122881954847452679e-01 9.416793881199538030e-02 0.000000000000000000e+00
1.138159355306235909e+00 -4.529605595343889068e-01 1.000000000000000000e+00
-1.691783437684213007e-02 3.617373581857417086e-01 1.000000000000000000e+00
1.393013067100786095e+00 -6.221037424479440858e-01 1.000000000000000000e+00
1.163768135248553826e+00 -5.409812223088841243e-01 1.000000000000000000e+00
-5.479145814421984007e-01 6.408991960773278151e-01 0.000000000000000000e+00
8.028991416679320814e-01 -4.558843524269425296e-01 1.000000000000000000e+00
4.151976433133426903e-01 7.079747369846890459e-01 0.000000000000000000e+00
3.741490704328120226e-02 1.859163093794471699e-01 1.000000000000000000e+00
4.227500241258301816e-01 9.914069957347277917e-01 0.000000000000000000e+00
3.104978830226453462e-02 2.361239332276873493e-01 1.000000000000000000e+00
4.482283986346241589e-01 7.526891290329470463e-01 0.000000000000000000e+00
8.950246535771130829e-02 2.151197909770685979e-01 1.000000000000000000e+00
4.764420132906660998e-01 -5.003013133415847857e-01 1.000000000000000000e+00
-6.399341700146800316e-02 9.988587207613640606e-01 0.000000000000000000e+00
-1.072551627382899220e+00 1.080410237876369833e-01 0.000000000000000000e+00
1.214955556538233505e+00 -5.950185012751036950e-01 1.000000000000000000e+00
8.636303493858377145e-01 1.680092251367021339e-01 0.000000000000000000e+00
-7.899086937395674024e-01 5.008522449040581082e-01 0.000000000000000000e+00
1.835474583753029298e+00 1.818283076585917590e-01 1.000000000000000000e+00
9.920320933645720984e-02 8.151396663254076302e-02 1.000000000000000000e+00
1.418977034606320853e+00 -2.901462647479513546e-01 1.000000000000000000e+00
2.318333179699075541e-01 -2.128492791841750109e-01 1.000000000000000000e+00
-9.703769609331233115e-01 6.999283055186305003e-01 0.000000000000000000e+00
1.913036955008577955e+00 -8.696361210391967411e-02 1.000000000000000000e+00
-9.402110266858223486e-01 2.714038556629611576e-01 0.000000000000000000e+00
1.580703414286114050e+00 -2.079723765075581765e-01 1.000000000000000000e+00
6.977663404264096148e-01 6.771002663965149937e-01 0.000000000000000000e+00
5.060150106665582959e-01 8.249202469643025504e-01 0.000000000000000000e+00
9.937707556400917630e-01 -4.491276601662527179e-01 1.000000000000000000e+00
-3.182434007271972565e-05 2.674324607840606882e-01 1.000000000000000000e+00
1.755022602480682536e+00 5.976694591409331681e-02 1.000000000000000000e+00
4.576937039121305173e-02 1.001454523842071787e+00 0.000000000000000000e+00
1.348807096774467529e-01 1.072281127329591355e+00 0.000000000000000000e+00
9.305064776189168052e-01 6.908207177392016174e-01 0.000000000000000000e+00
1.959208148422383777e+00 3.204156183361784316e-01 1.000000000000000000e+00
1.389059450459980027e+00 -5.012325265927946027e-01 1.000000000000000000e+00
9.780965297952907145e-01 1.820799427758384992e-01 0.000000000000000000e+00
-6.142431966497079454e-01 7.758569430282954427e-01 0.000000000000000000e+00
7.690823080185293925e-01 6.987349067128303393e-01 0.000000000000000000e+00
7.790082373002850391e-02 1.028523164310620741e+00 0.000000000000000000e+00
1.238686953514280820e+00 -6.081596829773285862e-01 1.000000000000000000e+00
1.062145875147370244e+00 6.031538247873553804e-02 0.000000000000000000e+00
2.390362493423472262e-02 1.027862410312747388e+00 0.000000000000000000e+00
-3.005019194288471307e-01 9.169964692276882934e-01 0.000000000000000000e+00
1.805665953509721922e-02 -1.187639280305217843e-01 1.000000000000000000e+00
-1.057022115971369969e-01 3.460593026402377093e-01 1.000000000000000000e+00
-6.720317699544695600e-01 5.231578665928262595e-01 0.000000000000000000e+00
-8.202578459943966616e-01 4.783819077603786440e-01 0.000000000000000000e+00
-1.800605372964128037e-01 1.432151858289750224e-01 1.000000000000000000e+00
1.875354955560204262e+00 1.597341582299273977e-01 1.000000000000000000e+00
2.704638115096222317e-01 7.806601693862607050e-01 0.000000000000000000e+00
7.013334909755981617e-01 7.184891594999199826e-01 0.000000000000000000e+00
6.667041070421025895e-01 -5.061122192516004370e-01 1.000000000000000000e+00
9.375421875441967146e-01 4.825702954732244976e-01 0.000000000000000000e+00
-7.644861135829447707e-03 -3.124216915616337409e-02 1.000000000000000000e+00
1.908741570274864463e+00 2.168278889425297173e-02 1.000000000000000000e+00
6.782357593840018239e-01 7.389133585238325530e-01 0.000000000000000000e+00
-8.363759355998459100e-01 2.631447827740027723e-01 0.000000000000000000e+00
-1.119423985529763854e+00 1.393604379320101672e-01 0.000000000000000000e+00
9.366328021303320650e-01 1.443487014223946430e-01 0.000000000000000000e+00
-1.336514218159938761e-01 5.463117860050344943e-01 1.000000000000000000e+00
1.055705901830721327e+00 -5.583831981547117129e-01 1.000000000000000000e+00
-7.699538407720732947e-01 5.688448564038188771e-01 0.000000000000000000e+00
1.075532856872321918e+00 -6.385973257407597803e-01 1.000000000000000000e+00
1.704858155877318593e+00 -2.710222569121865654e-01 1.000000000000000000e+00
1.546193482793122576e-01 5.067018201195443439e-01 1.000000000000000000e+00
1.160150807510941517e-01 2.529313771238423519e-02 1.000000000000000000e+00
1.843275927625366961e+00 1.190904342348149680e-01 1.000000000000000000e+00
2.006853685435149970e+00 7.432264498507281519e-03 1.000000000000000000e+00
4.396172829250685199e-01 -3.860486473467156232e-01 1.000000000000000000e+00
-4.400011589808343615e-01 8.911390124214131347e-01 0.000000000000000000e+00
-8.695413667970087745e-01 3.153973102216275914e-01 0.000000000000000000e+00
1.352696682174956422e-01 1.150976301694834447e+00 0.000000000000000000e+00
-3.577326219971052046e-01 9.472263703007158808e-01 0.000000000000000000e+00
1.604482608759491002e+00 -3.263681029592179206e-01 1.000000000000000000e+00
-3.106995066328858135e-01 1.080937010373759444e+00 0.000000000000000000e+00
5.804501107041069030e-01 -2.970000200693396208e-01 1.000000000000000000e+00
1.348464812185832029e+00 -3.454824844642868098e-01 1.000000000000000000e+00
1.892515405915994320e+00 1.450061198381285832e-01 1.000000000000000000e+00
9.376039678630130325e-01 -6.012662776419538391e-01 1.000000000000000000e+00
-2.512692870093879427e-01 1.032708880134244778e+00 0.000000000000000000e+00
9.584831535817857073e-01 2.062934136771084059e-01 0.000000000000000000e+00
2.001149787638864253e-01 1.066493524640603319e+00 0.000000000000000000e+00
7.805620142336822109e-01 -4.021132301624950056e-01 1.000000000000000000e+00
9.790536341164652878e-01 4.868512336998270101e-02 0.000000000000000000e+00
-1.154653262129388569e+00 3.870845925623513928e-01 0.000000000000000000e+00
4.548858942773671699e-02 2.675298041803386706e-01 1.000000000000000000e+00
9.756692452327320186e-01 2.443124697083384755e-01 0.000000000000000000e+00
-9.329060067462623396e-01 -5.500267988636618061e-02 0.000000000000000000e+00
-9.851293715390542216e-01 6.274450596618644238e-02 0.000000000000000000e+00
1.010981221628809879e+00 1.169109854795614967e-02 0.000000000000000000e+00
1.586959620672593108e+00 -3.500590127590129663e-01 1.000000000000000000e+00
1.313896216881222934e+00 -5.549510075630402772e-01 1.000000000000000000e+00
-1.342929523287642868e-01 9.505848393023047516e-01 0.000000000000000000e+00
9.776229443288804166e-01 1.791479275673509564e-01 0.000000000000000000e+00
-9.360665810931020347e-01 5.060232245635827297e-01 0.000000000000000000e+00
1.672839859444193999e+00 -3.850830625254751394e-01 1.000000000000000000e+00
3.143827461234391940e-01 -1.761766348457689535e-01 1.000000000000000000e+00
5.202102788466455019e-01 9.246012149210731668e-01 0.000000000000000000e+00
2.045208885452784120e+00 3.626721360279786532e-01 1.000000000000000000e+00
-3.731571786437692245e-03 3.253664734401248149e-01 1.000000000000000000e+00
1.814768045212111991e+00 1.407226045761429956e-01 1.000000000000000000e+00
1.967729144467698976e+00 4.541714959915492678e-01 1.000000000000000000e+00
3.822249414525040467e-02 -5.865600034962916570e-02 1.000000000000000000e+00
1.046314326993634525e-01 1.098073689103155282e+00 0.000000000000000000e+00
-2.803082494873101460e-01 1.048851402840941915e+00 0.000000000000000000e+00
4.899641244256424111e-01 -2.355772923110421857e-01 1.000000000000000000e+00
-3.089725608432451753e-02 2.949727672404828804e-01 1.000000000000000000e+00
-1.018933219729306616e+00 1.812777676817667882e-01 0.000000000000000000e+00
4.826069158068817255e-02 2.780933299527043046e-01 1.000000000000000000e+00
1.739104638664531244e+00 -8.282916425736455701e-02 1.000000000000000000e+00
8.918887851772179243e-01 1.558755298918946819e-01 0.000000000000000000e+00
5.362905352667323156e-01 -3.027416189998881624e-01 1.000000000000000000e+00
1.067043090682568307e+00 -7.617497964336636396e-02 0.000000000000000000e+00
3.204775698294153874e-01 1.127852976870824531e+00 0.000000000000000000e+00
4.513047981763772531e-01 -2.707469161975036842e-01 1.000000000000000000e+00
-7.094993809867012891e-01 7.397484668000788854e-01 0.000000000000000000e+00
2.632063153616778783e-01 7.308119826955025711e-02 1.000000000000000000e+00
1.733768702896935743e+00 -4.757431453177729530e-01 1.000000000000000000e+00
-9.370396996899533759e-01 4.976614963973463035e-01 0.000000000000000000e+00
-2.245004446693185385e-01 9.131388308533527898e-01 0.000000000000000000e+00
2.122398736857330270e+00 3.295630550553804161e-01 1.000000000000000000e+00
8.056668698067490642e-01 3.295599363322649911e-01 0.000000000000000000e+00
4.514832371175698245e-01 -3.788956113671176906e-01 1.000000000000000000e+00
2.205800927589363358e-01 -2.838361460288216787e-01 1.000000000000000000e+00
8.074012481313151968e-01 -4.547936713676805076e-01 1.000000000000000000e+00
-8.543879886249303723e-01 3.943378996570462425e-01 0.000000000000000000e+00
9.034618715613325080e-01 3.187618572136015072e-01 0.000000000000000000e+00
-4.495986363422513898e-01 1.113812931170127696e+00 0.000000000000000000e+00
-4.360437609986536622e-01 9.910293171562202241e-01 0.000000000000000000e+00
-9.019161133920183815e-01 -1.115948714239867190e-02 0.000000000000000000e+00
2.135993758094452966e-01 4.466079160202236775e-02 1.000000000000000000e+00
1.080592387545525668e+00 -4.285400095040750035e-01 1.000000000000000000e+00
-6.090780400113600113e-01 7.370650461585538382e-01 0.000000000000000000e+00
1.898543627063017381e+00 2.386466534523999927e-01 1.000000000000000000e+00
-9.999904662682461420e-02 3.176828108792499328e-01 1.000000000000000000e+00
8.995188839026109218e-01 7.009495829786308585e-01 0.000000000000000000e+00
1.975486440830990453e+00 4.944011849393861180e-01 1.000000000000000000e+00
-7.158643997585613095e-01 4.848442042091792858e-01 0.000000000000000000e+00
2.091889616241806138e+00 3.635810155157488954e-01 1.000000000000000000e+00
4.712334786828155098e-01 -2.371264102260475792e-01 1.000000000000000000e+00
4.029286864214075975e-02 2.692268969279429380e-01 1.000000000000000000e+00
2.752129590710135076e-01 -1.313952188901901519e-01 1.000000000000000000e+00
8.921804031382399858e-01 4.808663565032425535e-01 0.000000000000000000e+00
4.162057859858723785e-01 9.356390909382712451e-01 0.000000000000000000e+00
1.607850935851622420e+00 -3.150111442933470896e-01 1.000000000000000000e+00
9.811244643476525473e-01 1.417661974799487579e-01 0.000000000000000000e+00
1.422423843229493778e+00 -7.177883011324913687e-01 1.000000000000000000e+00
9.228112692588557042e-01 -5.280830293182102730e-01 1.000000000000000000e+00
-9.167487399849758023e-02 4.474863559794846068e-01 1.000000000000000000e+00
1.117480889991720128e+00 -4.744390505322182983e-01 1.000000000000000000e+00
3.338559096400428583e-01 -4.799345475993033183e-01 1.000000000000000000e+00
6.335996045790940334e-01 -3.755874306158942244e-01 1.000000000000000000e+00
-9.210188038408221312e-01 -2.321005564681532379e-02 0.000000000000000000e+00
1.774539410306361920e-01 -3.254995812217630069e-02 1.000000000000000000e+00
7.329761726769071783e-01 -4.537551415212560668e-01 1.000000000000000000e+00
-3.663218817769398061e-02 1.101381444392387277e+00 0.000000000000000000e+00
-6.388399898210146699e-02 2.001108616704303234e-01 1.000000000000000000e+00
1.789513031057398118e+00 -1.807481583074954101e-01 1.000000000000000000e+00
1.017512165197300256e+00 -4.412088564410695524e-01 1.000000000000000000e+00
6.682473607068972754e-01 8.679363838807621079e-01 0.000000000000000000e+00
6.047438259414416040e-01 -3.638607548202922870e-01 1.000000000000000000e+00
1.061441523101218920e-01 -1.218026153176010873e-01 1.000000000000000000e+00
6.761876239483840534e-01 -4.502358284549375367e-01 1.000000000000000000e+00
1.193077411949438060e-01 1.324803945291420371e-01 1.000000000000000000e+00
6.168550406198111125e-01 7.629854489999100542e-01 0.000000000000000000e+00
1.044246143152803619e+00 5.971006318465681140e-02 0.000000000000000000e+00
9.048568947291557585e-01 3.862507896239050775e-01 0.000000000000000000e+00
1.349094728166289059e+00 -4.338778989038157285e-01 1.000000000000000000e+00
-9.874761859901562411e-02 1.885572977855331511e-01 1.000000000000000000e+00
-9.333255776068993814e-01 8.302981867561129437e-02 0.000000000000000000e+00
1.829475402116412353e+00 -1.751767033571557941e-01 1.000000000000000000e+00
2.234618149823426880e-01 -7.824674002876881584e-02 1.000000000000000000e+00
9.116440967506241888e-01 2.205474222043575516e-01 0.000000000000000000e+00
-7.345940191263128360e-01 6.259570146817662328e-01 0.000000000000000000e+00
4.187205366567094411e-01 -3.030277427963119496e-01 1.000000000000000000e+00
-5.992758432302428551e-01 7.757956492773161461e-01 0.000000000000000000e+00
-9.048506764847790151e-01 3.605853802974738620e-02 0.000000000000000000e+00
1.656809980083376321e-02 2.775840010992222662e-01 1.000000000000000000e+00
1.794421492439216781e+00 -1.659944896155311767e-02 1.000000000000000000e+00
7.198123284313948100e-02 8.605700751618523547e-01 0.000000000000000000e+00
-9.623061067866968132e-01 3.493820658477176377e-01 0.000000000000000000e+00
1.485432689719700328e+00 -3.186836110007488787e-01 1.000000000000000000e+00
6.120243408320619194e-01 8.115803784375394958e-01 0.000000000000000000e+00
-2.910699569058973219e-03 4.585226993148108776e-01 1.000000000000000000e+00
-8.627659596010144039e-02 9.479031367279521225e-01 0.000000000000000000e+00
1.014234066643918464e+00 1.872275050555287645e-01 0.000000000000000000e+00
7.014181724000104756e-01 5.169694764109656893e-01 0.000000000000000000e+00
9.488104497461757880e-01 4.339650532278788719e-01 0.000000000000000000e+00
1.421473423515960288e+00 -3.392662299319508801e-01 1.000000000000000000e+00
1.463576726587625165e+00 -3.224185474873105806e-01 1.000000000000000000e+00
-9.146499258060756254e-01 1.203876885170251931e-01 0.000000000000000000e+00
2.329934087507056495e-01 -1.296783740076008079e-02 1.000000000000000000e+00
1.915203997891858467e+00 6.034375940432092772e-02 1.000000000000000000e+00
-1.040774102251024846e+00 1.253245460771705844e-01 0.000000000000000000e+00
4.342072258454695577e-01 8.641563460224559456e-01 0.000000000000000000e+00
1.939252550664750885e+00 5.782550236311995162e-01 1.000000000000000000e+00
-1.080242727664256330e+00 2.529384114233066971e-01 0.000000000000000000e+00
9.513647796229609543e-01 -4.659645593216491521e-01 1.000000000000000000e+00
9.027684956293450247e-01 -6.599739247909842677e-01 1.000000000000000000e+00
1.033099425074955890e+00 -6.008794222835338594e-01 1.000000000000000000e+00
3.428973499803003033e-01 1.109247789944615814e+00 0.000000000000000000e+00
1.781123836436569130e+00 -1.862580686045781087e-01 1.000000000000000000e+00
1.965027575252708214e+00 3.665052693211240387e-01 1.000000000000000000e+00
-2.386877802039178986e-01 9.580239156996669392e-01 0.000000000000000000e+00
-4.067752138941421736e-01 9.861853434579426203e-01 0.000000000000000000e+00
1.855750173857310337e+00 1.579048377123060676e-01 1.000000000000000000e+00
3.924145641695293008e-01 8.004817231434138147e-01 0.000000000000000000e+00
3.800029365308380674e-02 2.943938847643952084e-01 1.000000000000000000e+00
1.617560858902271637e-01 9.981971282848420834e-01 0.000000000000000000e+00
9.018735287794523714e-01 6.525242406878288826e-01 0.000000000000000000e+00
6.315097080616537406e-01 9.603038114762134647e-01 0.000000000000000000e+00
-1.008633117219515540e+00 9.905779115571961002e-02 0.000000000000000000e+00
5.124410504245956455e-01 -5.554274177037045179e-01 1.000000000000000000e+00
4.677864802458869820e-01 1.061489749249179715e+00 0.000000000000000000e+00
8.782047142655992067e-01 5.931274988031352002e-01 0.000000000000000000e+00
8.366037877667641398e-01 -4.247600874258394832e-01 1.000000000000000000e+00
1.082563397402708516e-01 9.325906832537801394e-01 0.000000000000000000e+00
5.977176938512314130e-01 8.628988237262137373e-01 0.000000000000000000e+00
-4.591954499892725305e-02 1.125996039403066168e-01 1.000000000000000000e+00
-1.078560614538038587e-01 9.245391052424418721e-01 0.000000000000000000e+00
8.805398671069835093e-01 4.771363723834755599e-01 0.000000000000000000e+00
3.429828089109298039e-01 -1.100894266733956073e-01 1.000000000000000000e+00
7.493716238145728958e-01 -6.017534129629299455e-01 1.000000000000000000e+00
-6.292887301921492593e-01 7.501702254497523148e-01 0.000000000000000000e+00
-7.867555717614416189e-01 7.706056961760537893e-01 0.000000000000000000e+00
-2.638835689931692124e-02 5.475984956000964354e-01 1.000000000000000000e+00
-8.032714997016741076e-01 4.485168008311702370e-01 0.000000000000000000e+00
-1.008315292087644144e+00 1.692596092573686595e-01 0.000000000000000000e+00
4.634787715226893479e-01 -3.024211013584756635e-01 1.000000000000000000e+00
1.179751297269726606e+00 -3.504580762874285327e-01 1.000000000000000000e+00
4.609933413314193373e-01 1.033615929359308794e+00 0.000000000000000000e+00
1.823718152911828039e+00 1.042128113743466533e-01 1.000000000000000000e+00
-7.528780606692589972e-01 4.662188747900945507e-01 0.000000000000000000e+00
1.374760943329748353e-01 1.110662387998327727e+00 0.000000000000000000e+00
3.987190026001370402e-01 -4.753476505878319602e-01 1.000000000000000000e+00
-8.052444404216252405e-01 5.414177968025908338e-01 0.000000000000000000e+00
-6.035595935803664824e-01 7.377016993049594351e-01 0.000000000000000000e+00
1.972691627691060434e+00 2.887956394505034607e-01 1.000000000000000000e+00
-3.812265892536332301e-01 7.943097503801509474e-01 0.000000000000000000e+00
2.021491337719466541e-02 2.209440098202618830e-01 1.000000000000000000e+00
4.908994254742194974e-01 -2.661256677323267650e-01 1.000000000000000000e+00
9.391331179606507984e-01 2.629496974093844530e-01 0.000000000000000000e+00
-7.272515122571270307e-01 5.468795874169305460e-01 0.000000000000000000e+00
1.860820875921830098e+00 3.139103307026469003e-01 1.000000000000000000e+00
7.412386777387762749e-01 -3.753982489848708415e-01 1.000000000000000000e+00
9.848902607628956529e-01 3.787726484569431395e-01 0.000000000000000000e+00
-1.087800364926465591e+00 1.392537607934303256e-01 0.000000000000000000e+00
-9.621815606540828902e-02 3.823910472225976465e-01 1.000000000000000000e+00
-8.280093908206843656e-01 5.084809645533908684e-01 0.000000000000000000e+00
6.548043833205369202e-01 -4.854925694738780884e-01 1.000000000000000000e+00
5.551328824426005060e-01 7.806917116954633640e-01 0.000000000000000000e+00
-4.588356440544824610e-02 2.480517533819325549e-01 1.000000000000000000e+00
3.770441549393094283e-01 1.011192677391781425e+00 0.000000000000000000e+00
1.117189291578602806e+00 -2.023697678607928180e-03 0.000000000000000000e+00
-7.240226650361303307e-01 7.068387211283859717e-01 0.000000000000000000e+00
1.348985351518193487e-02 1.791094113553124978e-01 1.000000000000000000e+00
7.151984334326365600e-01 5.916763025595068726e-01 0.000000000000000000e+00
-2.548142318805681206e-01 9.752592413082558087e-01 0.000000000000000000e+00
9.130035196205076309e-01 1.772203988431822752e-01 0.000000000000000000e+00
1.860385235598260856e+00 1.030434469740276610e-01 1.000000000000000000e+00
8.120416434508734849e-01 -4.993217239601828172e-01 1.000000000000000000e+00
1.666830492860601698e+00 -1.972528570294332373e-01 1.000000000000000000e+00
-3.040794298976278176e-01 8.323800530406972875e-01 0.000000000000000000e+00
1.800351001581620647e+00 1.836445633530451871e-01 1.000000000000000000e+00
1.266910716728676833e+00 -5.441303436621703904e-01 1.000000000000000000e+00
3.089896856785214752e-01 -1.075195565318655261e-01 1.000000000000000000e+00
9.132713413022163218e-01 5.231836270975810388e-01 0.000000000000000000e+00
1.654082167619668864e+00 -1.806221835214955052e-01 1.000000000000000000e+00
1.197074523584443106e+00 -4.723057128648925351e-01 1.000000000000000000e+00
9.104697119318082565e-01 2.524872048738417973e-01 0.000000000000000000e+00
-7.405241656054953880e-01 4.649348142253800775e-01 0.000000000000000000e+00
1.475774982621297360e+00 -3.889048258107952738e-01 1.000000000000000000e+00
-9.284219999839119497e-01 2.733937027953922128e-01 0.000000000000000000e+00
3.536018217095995286e-01 3.405609880488658092e-02 1.000000000000000000e+00
-4.994260881631193971e-01 6.786707143413321930e-01 0.000000000000000000e+00
1.853501530015397414e+00 -1.998462946327251299e-01 1.000000000000000000e+00
7.583462272078843602e-01 -4.560700543418749753e-01 1.000000000000000000e+00
-9.005288370024822076e-01 4.273832385194336614e-01 0.000000000000000000e+00
5.237433724900614207e-01 9.043201357898842385e-01 0.000000000000000000e+00
7.823864396433929391e-01 6.125546701347301948e-01 0.000000000000000000e+00
